711
748
552
564
875
1288
2847
949
328
73
848
4130
315
182
6658
3143
1619
84
3239
4439
54
216
736
1032
2170
77
78
4078
2087
5108
2365
818
996
2583
1747
1402
1574
214
1372
7023
2634
101
64
841
801
4166
2563
3115
269
575
135
1641
2332
111
5
2437
1509
129
1180
2720
2
238
2364
2403
1886
251
4628
783
51
769
1121
37
3289
2546
1316
4788
6338
4317
71
2418
671
6334
3955
1854
1198
14
494
1034
1890
577
929
2713
2608
2771
3389
1012
13
833
82
728
804
657
1930
148
113
450
905
2607
1476
1735
5665
5194
5
783
1197
4284
538
863
897
2264
524
563
528
84
1400
766
1126
252
243
183
1724
1110
486
1570
2431
296
316
2531
720
1299
1406
1936
380
106
800
3585
321
40
1867
64
119
205
568
2256
1391
583
107
160
52
1039
2665
981
1286
1705
3506
10
314
31
144
1293
3311
34
2582
2307
2732
599
1244
120
117
156
4807
1070
1660
433
6236
3313
2934
6186
21
550
415
4226
0
1846
4313
3286
574
1163
2075
481
377
428
2709
7
233
3163
5452
1437
165
5165
137
3447
3082
3393
3368
2771
350
211
312
2438
4170
621
1987
93
3420
2241
33
3041
1151
310
2881
459
1997
306
1369
1990
2914
3882
95
92
2065
4906
364
1015
1880
5364
5699
1936
1650
72
223
3393
1167
313
2089
192
2470
123
675
109
652
2465
1491
15
3858
73
7
48
1244
2549
4516
1330
1036
5026
1620
4166
8163
91
4799
1822
3852
1333
15
272
336
1243
7644
205
5779
3241
2379
672
337
1210
48
971
3202
546
17
1105
454
245
2403
1438
4000
3177
198
3095
548
474
126
498
198
1842
1979
863
34
808
1659
255
1842
71
2695
5
815
895
4986
99
1462
3870
1212
2619
601
27
724
1394
1035
81
72
1405
3943
121
678
535
344
104
4584
88
223
5918
5051
2194
953
960
221
175
1236
1842
278
46
15
532
581
3287
554
2268
3892
2118
1128
1790
4187
1488
173
654
1381
179
132
579
467
379
1236
4553
7
607
1446
1137
1472
3516
743
3047
1532
388
83
1415
5412
198
1151
699
145
778
3211
172
698
596
1767
2150
1436
994
274
1212
2336
2119
144
3386
934
582
3423
480
735
464
4275
813
1134
2761
0
575
423
1377
290
244
282
3660
74
509
1280
1981
444
3387
1731
2398
890
1473
5271
403
1121
363
367
5015
3878
2051
2115
56
2343
461
1765
6140
546
44
258
32
1456
462
266
955
772
4692
3383
177
556
2282
1815
1658
3041
2910
2080
2090
5922
91
66
52
650
1504
4257
383
1058
683
1921
5321
85
57
156
1231
726
351
1749
1429
2090
3659
3196
3651
669
1020
100
3857
305
2917
872
898
32
2678
4604
3195
1248
1783
2009
2859
329
367
2097
341
432
219
550
5668
1523
675
2176
4327
1229
4042
1084
1140
64
1370
888
461
12
905
183
80
774
1921
356
70
1714
210
25
4453
2721
2901
4158
111
1482
178
2867
1342
258
227
892
2103
3576
1623
518
1875
5092
485
321
1906
6
453
286
1446
3559
4753
296
2154
89
260
55
80
166
625
1493
3104
1571
3743
1813
525
2906
2293
464
455
58
1627
7021
435
3696
2296
5684
3585
370
3549
3494
1329
5645
3722
3800
1277
3912
53
3298
284
468
81
624
5225
1323
1404
69
627
185
1580
3335
1305
8
1400
159
34
802
1194
2775
2718
1716
286
42
1834
1175
3248
108
34
3313
5086
3663
49
99
5038
2767
1336
3228
18
5182
698
63
806
1081
6171
6170
4376
624
741
2321
1235
3223
6
4429
312
5266
945
2382
102
1258
601
1202
2517
2420
386
1118
5240
1994
695
6085
1715
2738
1812
3906
909
92
193
2351
2802
2095
3541
542
5813
708
343
740
19
3153
3100
834
3038
2573
969
571
56
2275
4653
8082
5412
4371
4728
375
121
80
10
2022
853
1642
4718
510
591
44
1736
1914
1892
3585
200
3704
808
468
47
3185
4414
373
1629
3434
165
1749
860
4148
968
1230
848
760
78
729
428
2750
1592
3502
3076
2003
1872
535
4459
5707
2226
3728
255
1379
242
2020
1198
362
750
71
267
7637
2476
201
1762
984
1402
34
3007
1398
2670
703
163
3479
1514
1337
1330
3324
329
4375
1275
1749
454
787
1234
2274
3072
2220
2761
964
401
1578
268
2287
1
3557
50
250
2084
1693
13
317
4861
1765
890
1396
1615
1382
5235
326
1392
1780
3129
4865
1047
2742
843
81
1736
2381
170
7
2170
2774
227
2
903
154
596
952
164
1917
251
2117
1655
15
520
429
1559
4155
4420
2363
774
39
974
2793
172
816
3009
4095
3523
1495
1799
5663
856
3813
67
1483
89
585
145
289
546
923
2118
750
881
1022
4663
31
147
879
5225
611
3162
321
1282
1057
1528
524
837
485
1085
1655
36
5602
1591
3508
3620
3125
2382
224
221
1180
318
2075
43
2877
211
161
1201
772
218
55
1178
808
2267
1546
609
2180
2358
823
303
609
1844
365
22
1801
75
30
2924
5111
1718
2292
3262
2562
572
3863
16
439
391
2131
2648
886
3102
1529
4638
2207
170
1062
357
3316
2327
1389
5538
684
1401
1130
28
404
770
370
1258
5495
2042
3196
3009
3719
496
3136
199
114
3211
341
238
2482
1444
3265
1768
1069
3491
453
159
5
1983
239
1100
98
3303
1474
337
761
1674
1332
4548
2278
1122
308
3590
2912
745
1984
1446
1141
533
3157
822
192
502
161
471
2459
68
3409
130
2213
23
614
597
515
2038
1604
1120
296
2480
2203
230
625
270
5282
1227
31
185
3847
933
811
461
2915
2426
3833
231
2230
155
1914
6954
4111
170
1089
556
335
1323
2014
2400
677
679
1685
24
3626
721
3071
5563
3056
1055
1352
1002
3009
93
117
4173
3469
1280
1824
2521
952
346
4087
3836
1086
5458
1103
643
2336
1121
448
23
1558
435
589
1927
653
2579
6499
1774
219
2042
45
4881
2957
335
2952
0
342
1054
828
463
6333
1437
323
1972
164
5825
910
76
96
322
513
1043
924
3533
2806
5858
44
824
985
2131
134
1362
2074
3035
588
260
1760
6766
2765
310
653
254
1050
2839
2292
2182
733
2183
177
140
244
4885
101
1343
2251
2146
750
1985
4457
1440
52
3061
2576
1828
954
4288
78
2771
9
709
7
24
1667
2856
2226
3196
2019
704
3145
495
293
983
525
979
59
58
181
2070
48
158
306
507
40
123
448
1036
1077
578
2202
2469
3072
7055
854
2754
2315
3
500
1058
6935
697
246
2910
3905
28
1431
3289
594
450
130
2674
4227
2619
234
124
144
8375
1600
73
3690
2533
1254
2669
479
1912
436
51
1844
55
6168
2237
369
667
305
2323
285
210
116
1247
1321
1747
24
3857
593
3685
922
1671
49
1077
659
1209
122
3949
1354
98
625
733
2793
4166
39
5230
12
59
1350
379
2279
0
871
47
2072
2400
1146
2604
4529
314
4323
2785
1402
1052
83
1315
3355
467
3232
1994
357
79
2022
3475
42
1998
103
742
1458
3701
44
1855
1450
199
3874
2596
3605
3837
1655
253
1149
8
30
892
428
689
856
286
56
55
66
619
2530
338
272
1854
1
1893
748
1203
2874
1122
869
10
427
1599
142
4154
124
1559
141
873
18
5538
1282
38
1635
4989
1385
1556
10
235
294
82
1411
1405
362
325
3098
953
342
849
7
460
4851
2251
1893
2533
75
3237
3173
110
148
206
1581
1258
242
307
539
2447
803
321
659
1735
730
56
1664
702
2056
1353
7287
2609
2061
1432
162
894
208
4530
274
6340
4368
800
2268
817
1871
657
3900
81
2598
2852
2406
4183
1753
2785
124
464
137
3670
1477
3855
2459
3156
323
2826
554
1536
1799
157
2370
921
2294
79
3379
193
199
580
3055
1527
2789
3254
4115
345
2303
950
71
22
184
5462
55
3299
4873
570
4927
338
105
1541
5665
2657
1799
274
1313
117
1464
5523
288
4386
5576
1420
197
823
797
2995
362
430
6481
4061
3566
2298
70
524
1871
1985
451
2593
209
307
1166
490
531
736
2273
298
6911
1497
2793
3197
5323
17
543
5206
680
127
1420
556
3336
7373
250
4734
153
148
1019
34
835
812
360
4374
7722
1472
128
1234
523
930
651
1141
430
6610
2000
2147
601
3010
1188
289
3378
227
6922
1732
398
2710
81
1576
390
1826
507
3768
120
148
220
3081
72
87
4544
67
1764
3939
3044
7141
2117
621
936
5941
2030
500
8366
2426
560
520
3335
187
1287
98
2499
1037
1504
862
1238
2187
1970
5108
1
228
1379
1337
27
446
387
2901
204
669
4234
1405
1885
95
339
1924
644
678
228
6356
2238
561
157
2910
1211
2047
1467
366
1767
1315
204
3639
7050
3366
504
3547
2756
35
464
41
1162
2727
140
165
521
2355
532
3519
1718
1234
169
223
2887
197
140
1919
913
4788
595
72
956
2234
2524
44
1296
3318
900
2459
20
170
533
242
1187
3206
1588
676
427
128
2329
972
3694
948
1940
2661
3141
409
4076
278
3106
4163
2464
4789
178
1023
1631
1815
1234
1624
517
1002
898
4319
1343
1668
985
1091
5212
176
1511
3804
3625
516
20
1238
5136
911
1799
711
1994
15
4150
569
34
3004
7
325
6393
827
717
70
89
3848
5260
1230
324
1482
1201
330
69
4334
2426
741
70
3044
1386
5098
6707
228
1583
583
5327
453
3568
3195
4855
157
1
7191
418
3169
3213
9
273
4754
104
66
507
6445
1613
3064
5376
2566
203
6161
167
999
78
3154
644
1562
3436
1888
917
251
2229
78
4211
1262
7333
1334
43
245
40
25
1016
777
1662
738
3046
704
16
274
318
315
5441
1069
3811
1409
4523
4769
1772
528
923
2912
3453
2655
9
33
1419
56
4475
2216
627
3462
572
1346
5766
2435
514
1827
215
5495
229
817
1256
602
4546
4
129
148
3175
3006
512
265
1777
2634
163
3331
48
787
1316
1910
583
4813
530
1658
635
1892
621
4146
4493
3868
269
740
890
2
1989
2058
324
363
265
3552
76
844
585
1226
6400
1044
1032
190
19
4811
29
178
235
40
2857
925
912
122
3974
1503
610
608
1223
445
113
488
6970
38
357
1746
737
7882
292
1545
685
2992
413
285
2935
429
1569
594
1248
1987
2791
1374
29
707
1052
2895
2261
48
1194
0
1918
772
6121
2189
284
2122
79
2735
63
262
1540
334
1
1056
383
2179
13
5472
638
4259
232
4050
509
950
691
2429
9
368
133
1095
4221
1143
2390
316
2335
66
1218
23
1103
3142
4708
471
312
205
2433
306
3251
189
642
0
2029
7597
1588
1850
4171
398
453
92
7648
361
37
76
3069
3026
2638
4067
2754
166
336
4236
303
3554
5299
176
1567
68
7188
761
311
338
793
36
2406
2310
1395
211
1180
1414
2191
142
928
2551
981
1433
5437
285
1407
277
234
2649
123
1223
1423
117
698
230
696
2104
1232
1642
1351
6126
1571
16
5048
5053
596
356
5855
651
40
311
119
2173
6550
1349
431
358
6122
5697
608
1797
3127
410
1388
3799
473
3289
3195
1695
5584
32
326
4379
1638
4306
63
1929
117
3233
1472
2779
991
337
557
4
1390
1633
8
3262
2229
1216
579
2078
51
555
112
4154
761
231
931
3468
5774
210
612
81
3063
2530
706
5721
1134
6921
19
652
4542
2214
874
17
1453
1820
694
79
1294
1557
1192
4167
1625
1067
330
979
1693
626
674
2187
2357
3330
2938
694
4632
483
412
2522
754
179
5725
2682
164
5296
2460
230
109
193
124
324
425
9
1423
3624
1233
435
679
1164
7803
1127
107
4200
334
1769
1028
4588
2864
1395
562
192
229
1320
603
678
40
3207
2764
438
6246
6846
1404
3584
1241
808
1662
6594
117
6108
2379
1516
3048
1844
449
5746
784
1674
928
151
1305
3301
2951
481
103
4430
1782
178
2062
2720
474
626
1198
628
6674
73
5318
653
650
58
6936
2302
57
8
1049
3536
3731
122
454
506
311
647
1840
4613
2760
4689
517
91
2698
2608
4678
1137
3033
5393
6403
1078
1059
464
3683
2222
77
1115
1569
3757
1037
73
485
1519
2149
1920
1433
1076
4635
214
1224
539
25
114
7922
276
405
1302
566
300
986
861
92
864
164
3580
641
1691
6307
925
65
320
357
253
76
1580
4784
653
83
1434
52
1841
466
3690
3676
3080
4680
792
966
505
5091
2112
77
928
75
1246
220
4
528
5203
2360
224
1987
1417
1231
302
4146
371
204
3755
4134
522
124
2863
671
917
1508
2339
3236
24
599
251
797
36
1364
1261
6001
773
886
194
4798
2394
900
826
1267
152
889
2243
3294
6338
1957
956
150
198
280
2979
237
1107
101
842
3550
187
229
226
170
293
875
234
1716
2490
1314
5532
1792
1273
2091
559
87
930
1659
222
728
439
2723
451
3650
742
1952
986
2868
387
269
769
381
199
510
76
5408
3041
2452
3022
1618
2567
758
54
669
5432
3277
594
3197
1435
1155
72
1037
901
1142
725
3823
230
69
101
2069
1832
3571
642
1758
306
1474
193
3334
617
2326
1726
2914
5101
1185
2959
2490
21
44
1235
1265
1326
241
184
1432
2892
72
1065
44
8237
127
5351
1890
4420
203
2544
391
2965
988
1601
592
1731
3657
5706
3334
870
4105
1214
525
747
1205
731
334
254
3343
1184
603
1932
1332
2023
499
1564
267
2130
483
2471
3393
4021
824
4135
655
186
1477
1254
867
3843
939
860
403
6134
5954
1398
188
900
2814
468
3937
3595
2349
1222
1667
432
2844
2612
4192
671
677
3064
1099
204
6523
112
234
732
597
1538
1853
1054
11
749
7919
80
319
383
35
2282
3506
1100
1104
509
2477
2873
6076
4718
6359
307
535
1434
54
858
2247
2130
734
253
28
3610
3561
419
1894
2250
126
122
980
2644
1487
1069
537
1159
270
1788
701
7710
5477
1169
817
642
1449
52
280
1599
117
240
1415
12
962
540
1029
89
89
2761
2457
1217
71
160
3592
611
1754
2397
2384
1154
4137
1870
3480
704
4199
209
1822
40
1736
4231
1015
2120
4123
2622
1020
412
27
1934
9
1322
1389
629
226
2065
267
732
772
569
2353
1446
3102
279
1490
1745
2034
3591
595
6176
1587
1795
174
204
524
3672
38
1171
1706
678
4946
2285
364
2294
156
63
1020
1147
485
1796
6010
1426
45
490
18
2798
1355
157
720
4152
300
5060
297
1691
1694
904
4959
186
5518
289
2267
9181
55
1269
72
1952
220
2218
2500
946
4670
5753
3213
1516
261
59
979
194
258
112
605
660
1733
486
665
1453
5090
3306
4537
931
280
458
280
1064
722
424
3
2866
88
5625
1262
3316
1291
1705
5142
2968
2797
105
1170
4294
1613
1179
44
5587
1289
904
800
1650
4762
1170
2198
387
580
926
1966
1030
41
3412
849
3287
2837
535
401
4826
808
543
2
206
5
4134
1540
21
1386
6097
1753
2022
1103
3024
260
1803
13
2680
927
882
378
37
864
1384
1676
3900
184
1337
859
183
255
1391
7
1834
866
534
707
274
526
1932
2523
1243
313
61
928
160
1301
1565
1997
5084
5457
521
211
77
4114
2618
1753
1266
515
31
5534
1086
634
592
631
2142
1969
2438
373
1981
418
6014
2902
4528
6352
414
1446
1011
817
393
111
917
1862
1740
38
3229
3439
331
419
836
97
646
6549
162
568
1458
501
393
520
1119
298
483
2110
1270
900
1036
3164
402
3372
338
114
399
450
131
1483
4436
28
992
1599
4656
1081
39
288
1034
4961
1206
2012
498
350
43
8
555
7256
336
812
355
294
27
2438
236
363
3611
4013
1566
4675
1517
149
948
4199
165
920
130
921
122
2243
74
2260
2882
355
63
6136
270
376
228
599
1138
737
4399
1835
399
2394
863
1067
4
4905
2019
1149
905
1799
2760
1869
917
839
3879
663
705
601
1165
354
4576
2995
14
1537
1761
3242
990
5308
688
3374
165
1188
2849
155
954
3758
1167
2003
3528
1046
999
2817
474
1538
1151
2600
1477
1294
201
1688
4200
2522
3459
1154
738
1429
423
540
1568
3770
37
42
447
2096
201
4947
1202
811
47
1521
2051
1754
720
339
1800
6876
4130
960
427
1424
79
949
6923
476
3945
1726
683
98
1593
211
2165
790
44
1196
683
5826
485
85
5566
3087
126
9
1181
528
1203
848
630
8078
3150
897
76
484
249
2220
942
2992
883
868
10
5006
2885
223
695
1432
36
2082
1631
412
280
5738
352
1513
390
1603
595
47
1018
3748
204
445
224
191
2548
1120
5664
5009
3595
3344
2997
185
223
1510
1748
91
6867
751
407
3281
984
327
1218
3259
546
540
7
3873
3356
1846
3186
233
770
1204
4588
6515
46
456
40
996
3239
1653
3149
1690
111
3033
1917
485
1580
170
1704
1921
873
2082
322
3714
2299
284
1652
670
286
2855
5726
679
2526
2918
408
1326
163
575
118
1627
2838
501
232
102
3060
1427
417
172
4848
1158
2909
5833
3146
2354
160
279
1274
648
4806
4171
1127
5869
6938
3401
2158
368
2356
135
3668
186
2460
2734
857
3742
2125
2281
3032
368
1531
1093
310
373
471
47
555
701
1025
798
5841
797
3708
857
2313
972
1583
1258
829
61
1180
3629
2161
1074
634
361
1467
1852
925
416
914
2575
573
38
220
1527
98
1000
124
2356
135
86
1291
2853
276
6
59
4169
1235
8089
1180
139
1706
970
7071
594
606
6106
102
2768
136
528
3110
2307
190
3334
7820
2514
1252
533
5755
2908
1707
3
209
7521
6872
3653
585
114
1131
3744
265
3297
777
723
4578
3464
290
934
360
263
1862
1608
1251
74
1788
121
329
3256
93
5525
909
2572
1604
616
6
5246
217
1243
731
2379
3198
219
1069
2494
108
987
3858
5536
741
1120
256
6146
1023
252
706
495
165
13
4599
3252
983
2844
692
5580
528
588
127
829
93
408
820
1243
216
2323
279
1788
720
56
785
750
988
283
2937
698
1048
1710
335
304
298
673
647
3706
6471
309
1201
878
273
1889
1412
135
40
366
1556
963
19
225
32
349
92
1
1287
229
98
363
68
1953
39
966
1233
4338
3460
4054
201
521
2677
1053
464
550
731
19
5865
173
994
43
135
80
756
1361
2931
399
1746
181
517
438
3454
2253
152
4864
4060
127
3703
4031
2621
468
1182
45
3807
3538
679
955
990
2629
729
3667
328
5692
4580
2783
1265
831
51
857
1245
545
6559
2145
322
1364
2050
5654
384
471
37
1911
768
4202
192
123
199
1100
1374
6788
216
2509
325
2745
5970
1127
757
871
861
2876
195
2723
45
507
321
92
790
3480
1028
3705
1262
167
1379
579
1241
864
307
7804
84
4325
866
717
385
240
304
363
2119
854
2910
2224
1676
1774
977
2016
1384
284
167
132
258
596
2308
65
3649
4039
545
3802
1413
345
3531
1026
4787
164
2918
94
699
1021
1407
1676
0
3377
619
1078
4865
1241
445
603
501
2422
2280
2726
2496
2600
2210
1120
6801
3614
198
1474
1831
1116
1057
3386
2163
1690
2208
125
766
960
1017
693
5223
6053
5727
4456
218
1636
2677
1499
2820
5492
1749
290
5170
1047
422
205
409
234
524
1262
360
1608
4203
1895
49
635
1965
1312
109
136
2704
239
5361
417
7459
3206
0
172
1319
63
8918
98
172
231
5055
135
1311
1566
5145
253
458
16
1906
393
2514
3523
648
1160
821
240
1801
1684
3537
4252
630
6673
1057
806
300
1311
214
3433
5394
2090
4871
4302
1560
712
882
291
2919
421
1177
3952
4944
2484
5186
2345
11
70
3246
222
4898
2158
1711
1966
179
941
10
1815
6842
1019
2342
204
1465
963
5128
1993
95
1094
171
680
81
1092
3808
92
27
1788
852
691
888
161
660
1435
563
263
2705
2790
232
557
5734
901
1545
3198
519
2230
1131
4287
3120
321
1249
3336
48
497
4623
1160
680
1151
2125
398
408
5174
503
2378
1878
537
590
3405
1585
1868
4534
783
303
876
103
44
1546
305
2296
98
790
4403
327
4266
866
1181
246
2743
576
528
37
126
343
5066
635
1784
1349
604
718
2245
2037
582
79
3086
4425
185
718
2
1175
5382
693
140
723
2304
1251
320
3014
478
1516
490
1805
28
200
1946
1680
967
1014
626
391
532
2033
932
2031
227
5515
204
828
139
2079
5022
126
1310
2364
2154
1150
771
3609
1943
2775
776
1302
7372
4807
2506
253
3
862
350
4038
1253
1191
1314
16
689
4622
5088
560
6681
2132
493
586
1438
2151
233
95
2619
7447
570
408
2572
9
4629
349
3733
1849
4608
2985
557
1342
1082
1847
1904
1905
328
1292
962
326
444
1364
969
3075
448
2133
33
1182
1302
4245
729
530
1356
297
1661
124
3367
3181
3924
1228
4344
837
84
3617
2207
542
3628
1516
3845
2741
5292
176
3377
389
654
1516
476
290
1118
3226
253
83
916
413
238
5799
146
5289
42
338
2019
2371
1267
454
429
1924
100
1176
1845
2173
1947
1114
1862
3744
1138
5809
2349
468
2412
64
337
3359
652
3009
789
864
282
6648
3472
1498
1448
610
131
1908
96
278
463
403
3115
1374
2582
916
4147
3570
14
4859
2440
366
1727
113
3714
296
36
1739
3407
1844
96
125
3193
68
2690
2380
1646
3449
647
811
444
398
161
5196
78
4992
201
807
3790
140
231
3169
363
58
3638
63
3003
2577
183
4164
1203
92
168
511
1344
808
1023
5450
99
2255
1163
2818
447
3306
46
3573
60
3800
2327
2131
519
10
733
842
4790
1882
868
6770
581
543
2187
4315
2759
176
4221
321
1042
329
4244
173
4454
486
6837
5940
548
1612
722
2577
4192
1024
873
336
3316
947
2113
178
4806
4854
316
5573
237
1674
1241
1709
1012
31
5002
724
2403
3654
127
1047
4787
1649
186
1421
451
1301
1035
752
1034
598
42
1080
1712
864
207
3800
930
437
1251
839
4183
392
258
575
438
1575
384
1443
3034
15
4075
58
64
76
876
5622
3227
1473
2439
330
997
3424
416
715
1887
143
1670
189
1998
615
5291
977
10
685
820
40
894
1358
2349
171
411
732
408
156
992
2261
1011
478
1396
1322
4077
1584
4219
4933
1487
4672
215
30
749
4651
2493
4484
930
833
23
3284
3276
29
5808
207
5196
5686
2932
1694
2768
3179
2071
4142
1015
1174
3054
4380
769
1595
637
1609
4437
3072
2491
606
148
6547
1984
927
2903
730
2925
1731
2190
476
1530
562
148
672
1972
160
3980
890
6131
522
493
452
255
298
6981
21
1922
793
1360
3611
385
1702
404
2015
4397
1704
4214
2
118
996
39
846
1177
463
135
1736
3632
86
1610
2487
516
53
15
3867
97
275
986
3649
85
39
29
3593
282
1336
259
11
15
3036
15
1577
2776
490
6944
5586
1412
3946
1622
8
2231
1718
102
3739
4469
6660
1889
605
2043
182
1182
346
1202
229
200
248
3121
1192
902
545
1907
3633
3653
1766
923
6516
126
491
547
167
573
3415
3816
1385
2817
261
585
4732
3051
1415
3520
3864
1210
121
2491
54
1522
539
2242
7270
856
8
2246
7374
369
5691
1288
1989
6399
436
6
2442
178
615
1429
740
1969
6761
3193
934
4134
4325
1558
5636
4552
1410
385
796
962
5068
4199
14
246
1558
1803
107
3852
124
1866
6
3144
664
2604
259
1656
2050
1582
2844
6554
2619
844
991
368
4576
677
351
5676
2272
5016
1939
459
687
4374
260
105
652
3528
337
349
2713
2263
2105
932
122
99
2110
877
503
1767
531
205
2093
928
175
4652
798
2742
332
917
2386
166
2182
1342
1266
423
1212
393
1942
1115
875
36
410
1888
491
81
165
1449
1777
781
101
1762
4623
1217
984
1262
556
563
176
626
1689
963
4332
961
111
1348
798
4024
1284
828
18
856
4837
960
6433
1318
1162
4932
744
2474
3530
385
2964
202
480
2351
1449
4636
1452
452
175
1617
3016
621
109
3743
634
2331
1849
1645
443
1185
99
1083
323
654
2651
46
1882
357
617
3072
834
116
2856
1028
497
352
1627
290
1836
375
136
696
126
4333
2491
1116
1897
2589
5218
1049
2188
6544
186
1778
3550
4322
741
2431
3898
3491
0
5302
1712
1973
530
162
152
459
2495
2270
174
1151
3614
3318
96
564
1235
910
1425
3547
3085
1878
398
325
1966
1017
1
409
681
11
1096
4948
27
2581
468
381
1899
1267
27
500
2423
198
528
2134
721
6644
1635
80
5126
68
458
1062
127
4419
3392
2262
975
1049
5014
433
8
565
602
227
1108
3908
3594
277
1139
3149
2110
1820
1170
5551
1230
861
832
375
5725
4627
2526
420
56
363
1270
542
449
518
249
85
82
3486
2514
30
172
160
2620
3994
756
635
2087
436
164
853
518
11
843
382
384
480
17
7762
2459
1378
562
807
310
659
3606
1118
2747
913
125
78
1405
1283
3363
458
0
2388
649
63
266
44
15
1202
438
1284
1163
569
1379
1999
334
1196
451
12
1061
2482
4792
2884
157
6112
552
2212
3220
1436
659
792
1195
1069
1197
646
714
130
1841
461
935
2442
1173
1029
796
3397
98
449
3261
239
2648
208
592
64
2590
500
1286
3146
1508
3431
3727
2750
1119
2717
6408
1702
1333
247
1078
314
1068
433
714
64
925
2199
1075
532
569
714
2755
3558
2946
1132
4013
2951
3803
393
381
414
5825
1022
226
4805
1822
1051
671
942
880
1965
2840
134
609
7480
19
179
1659
2797
252
658
1479
1935
582
5344
666
1303
1019
141
33
170
289
843
4887
319
105
3513
615
699
2686
29
2952
218
814
570
1687
3459
2580
3176
1539
467
1943
1577
495
3966
285
6370
291
2539
1704
539
4391
2959
2582
602
143
451
1044
2757
248
5266
2749
835
132
1128
2095
21
2206
6
211
2218
171
379
272
225
89
94
95
985
5654
76
1877
3843
310
217
1442
2274
421
598
48
889
885
6337
1925
9
335
2256
430
1300
980
1130
1380
810
2846
577
106
293
48
780
7
3305
1815
7005
230
2055
1970
1560
3143
494
4665
889
233
2021
225
1929
3912
5158
166
3620
1167
183
2512
1050
1317
4590
89
3013
400
2916
6051
64
5325
733
1015
211
1031
4908
1290
3848
104
13
3648
367
681
386
960
1977
1905
4384
567
3454
1184
581
2121
964
667
341
316
1402
54
316
706
1692
1227
15
4503
6244
535
126
19
834
3108
660
242
2987
1794
1822
4843
1595
691
3321
631
845
3095
1137
335
367
2692
3975
5020
1303
1549
191
1287
3326
381
157
2832
151
1134
310
625
4369
6788
872
2933
1421
1958
2478
3868
1285
136
5087
391
2171
6655
3121
1625
221
3084
5842
1558
891
289
3141
2286
1846
867
852
510
1201
1252
4544
839
4788
2408
2752
1797
2368
3141
2102
1598
7830
1500
744
882
1461
1475
1457
1558
1406
5076
1984
7539
1538
419
2257
2418
146
477
833
863
4827
156
2436
2324
5909
922
456
2210
1110
372
556
3928
201
967
488
2644
2205
1243
318
1561
1803
4437
1980
66
888
2069
4755
1103
98
3607
2938
2529
3547
832
4942
36
43
5136
452
182
2653
640
3786
667
1499
304
2723
1789
1775
555
3428
255
187
30
1279
190
6400
1507
5999
790
3045
790
6480
2289
251
1386
911
5594
83
665
1668
4087
117
54
3492
1504
786
2693
646
1303
1980
1269
368
450
4280
2919
3961
1327
646
1989
4671
1600
1373
66
2548
303
80
1221
1266
3654
1631
580
831
2766
2743
5210
1256
887
14
1799
267
1833
107
1794
1064
1101
2431
3239
508
572
7121
711
808
255
3628
154
2147
4280
3768
131
1196
1688
66
1335
6925
3313
2778
537
3315
1765
1112
7111
1169
880
3888
1804
630
64
2849
2953
594
4048
1596
58
2824
380
2241
247
1408
1911
508
1263
888
1049
2667
1529
2306
3314
115
3439
395
2287
2029
1371
3459
154
1624
534
1217
642
80
563
361
13
2546
2750
7371
318
2459
955
2942
160
3586
867
111
55
554
5164
1303
8276
2171
1028
170
498
3796
612
156
1133
151
257
586
141
162
1071
370
659
2016
5224
1525
155
289
1063
210
1777
734
437
994
989
2934
2261
4755
53
3135
195
1396
413
1069
159
3086
842
2237
1173
61
441
940
428
3141
2242
237
1703
7809
3453
645
644
36
2151
578
1452
805
2730
4996
862
1873
246
1683
5707
239
2017
510
2378
648
451
491
1129
7024
1150
3750
2319
1648
650
84
29
1152
832
2082
1607
512
156
44
1934
384
1339
3414
3705
451
768
612
3362
5889
1990
998
2544
281
642
406
12
1900
3082
6288
6132
1310
1947
3264
3552
384
3449
462
566
86
2921
3084
1018
996
197
2520
1872
317
2095
302
4813
153
373
2710
65
1539
186
102
422
139
3464
6868
58
1108
2416
796
1283
859
202
52
4623
240
4685
579
923
2222
1090
2541
6250
1100
13
6405
789
1032
756
1326
1182
4216
3560
4115
3585
2398
1320
304
5273
909
90
117
1814
4014
3103
2063
490
3113
629
693
1056
803
3873
2914
69
471
1453
5847
351
306
1776
5672
0
298
2479
815
361
2231
1512
6795
2986
2784
1597
576
4480
4764
55
2281
1996
5639
86
510
2852
189
1632
4402
2081
870
2976
686
793
123
1028
4001
767
1089
24
3659
405
10
497
555
51
246
456
3571
8606
1577
724
5641
1815
2102
6942
526
1825
1704
4352
1608
45
459
706
350
4724
4636
369
273
925
329
5383
138
3232
205
796
3780
2724
2476
1251
3574
1594
2018
1952
229
41
4182
2397
357
2424
1861
1057
4061
2342
392
314
1235
349
633
4956
3202
47
1078
4033
173
1716
3392
1155
9345
533
2071
4798
2219
2883
996
1960
5109
562
291
973
4353
3492
23
3218
648
550
720
615
612
553
3043
47
2051
1823
65
301
5464
837
4852
1215
185
116
612
5389
452
4778
4774
3123
1059
1038
1290
103
221
4412
2397
245
8426
314
1276
1823
2192
691
198
2886
236
83
1917
865
185
3247
4669
820
1193
175
6649
837
2421
5714
913
7933
1801
714
391
771
607
2887
1105
1008
1076
421
183
408
5974
1853
295
488
424
4002
181
5606
1899
683
303
1330
1711
3822
87
2170
3940
2120
2449
3515
828
1113
618
1859
980
70
3992
2344
308
1477
2980
3147
298
5073
965
1438
6251
1217
991
204
454
2085
2338
937
1469
1583
3399
121
297
4517
108
3134
1676
1330
90
3691
2412
1278
1848
51
2974
1936
304
5133
406
5536
1061
40
7120
2360
247
345
4569
503
474
3682
1842
625
52
170
1547
47
957
1215
871
917
745
4299
615
52
498
214
2891
6260
2900
2250
3510
4200
4900
227
358
791
514
2569
724
1067
481
2606
103
321
5194
54
1019
309
957
3460
1616
728
169
413
2121
916
1282
1411
2122
69
57
1448
271
151
489
407
2710
3747
358
252
2371
933
491
296
2284
1534
111
3715
1100
392
763
336
1
3113
4605
4054
48
3439
2828
1583
6064
881
7058
14
2703
800
3296
2795
272
215
1225
3121
4528
726
303
6817
496
1899
764
1460
3264
3918
155
524
5179
3502
458
1960
2401
2642
3445
1647
304
1509
599
20
1601
109
195
844
399
765
500
1415
772
557
1323
1468
25
436
537
103
155
1729
516
4004
807
1835
2661
16
2120
3706
36
5676
881
343
67
729
2157
695
2098
5199
1483
3206
2284
654
77
3006
824
411
233
1695
26
3689
15
4635
3408
773
1360
2332
1064
3891
504
6743
2167
539
2597
3872
2083
467
137
4253
972
2228
622
1949
959
54
488
40
78
37
6766
1872
620
1560
6492
1081
2073
1906
1072
7127
2139
3411
3219
444
321
379
1315
114
1850
4037
558
6989
3122
2631
944
384
480
1373
2154
1545
1143
5531
602
107
4375
1634
1757
348
186
754
91
375
2663
420
4420
125
2210
2774
1305
6584
3219
1350
3351
1851
106
92
122
97
30
3070
2599
191
1864
1373
4025
1184
25
367
1697
1556
37
991
2175
338
460
1678
174
366
30
1429
7158
1834
5912
1009
5305
919
751
5593
42
73
1278
117
1660
3519
2481
5696
5111
5294
2726
959
528
851
309
2213
1831
566
6489
1230
333
894
3536
35
109
79
6129
3922
1137
943
3979
344
76
217
446
224
3325
1198
519
224
1025
130
779
2071
1423
469
695
3427
265
2279
56
2000
1052
599
15
660
263
2293
316
1018
523
313
1561
1598
1423
772
1731
538
1034
2533
62
3117
578
3185
3988
748
550
3337
1652
1923
143
924
1802
1804
1080
378
3077
17
291
3328
3921
3277
2284
645
3135
583
669
1336
2903
204
6628
5022
945
301
806
188
2738
427
36
426
2339
156
667
2938
25
5392
1319
3741
2625
945
869
1733
1519
975
59
1332
3718
681
0
3007
1203
906
1867
192
2208
129
149
182
31
871
449
2841
1350
3170
829
1280
3053
528
195
2170
5729
1140
2996
2321
2153
3492
5444
6697
1329
481
2593
5969
3254
3746
268
782
1520
1969
2836
1431
307
952
46
2275
11
453
618
2022
2386
3499
1402
12
1197
148
916
812
345
2202
288
1008
36
386
323
2472
394
610
5923
2443
64
2282
249
1170
692
12
239
470
3443
140
838
3127
241
685
753
1929
497
4631
393
879
390
2230
463
1187
469
34
334
551
380
1972
361
5268
542
1747
5070
494
26
4116
60
1850
360
575
691
1797
2992
3966
2005
16
7
1909
709
4530
373
977
2581
3559
3402
949
364
2647
1110
177
3747
1510
6599
1923
231
313
1210
3695
2492
13
1458
371
185
796
409
1531
1069
4193
1639
932
3196
41
2863
71
155
756
2198
469
2976
1579
684
149
815
1329
4406
871
3575
5515
284
180
670
2235
456
1643
344
4087
2511
2859
338
2722
646
4056
368
94
2330
4382
1251
218
359
2355
489
1502
1940
412
181
330
2078
1826
444
452
93
205
121
1637
5833
2469
2127
4657
2365
4573
1550
310
1577
151
7052
2296
1299
5361
1738
356
2344
5343
342
355
4378
2040
1166
1032
527
512
3423
210
309
293
57
671
1606
146
7737
341
3978
2926
2273
812
922
2975
753
379
3179
55
3440
876
1831
475
2835
5913
1632
741
991
35
1979
1255
284
290
2238
9
215
226
137
54
3489
2006
1219
137
295
122
4129
2489
1345
6471
2052
1075
257
64
1393
923
29
207
3531
879
34
4529
217
22
89
261
179
2935
899
619
2
3398
244
428
2110
365
50
3005
745
1102
1443
300
817
1282
674
4331
365
53
981
2472
112
2408
52
4006
2498
436
333
4966
699
1456
640
80
184
960
259
3580
128
3
175
1541
254
399
3917
676
4363
232
3264
1517
3189
2538
917
2298
602
2302
3696
1401
1098
525
1527
564
545
802
1703
289
3085
281
1087
2090
5217
305
6872
721
1072
5517
3039
90
834
932
337
1941
880
394
196
2649
2620
5296
5290
95
1502
163
303
2640
738
792
319
608
1045
4045
1497
1862
524
4278
7051
443
67
4218
2
9
24
414
14
930
2550
31
897
6817
15
132
2420
621
366
144
6772
1219
1762
917
4088
5587
1052
1624
138
2888
3988
9
2236
3267
569
707
33
2443
2314
1507
2030
5755
474
1200
1898
368
252
1913
767
1238
262
203
1340
6558
285
444
501
4684
8667
1522
1882
2912
5408
1229
1097
2241
2175
532
2751
652
133
3420
648
1726
3359
3592
1804
822
3197
592
5666
1683
134
24
5622
690
2544
771
2450
597
1239
740
579
749
1688
6823
1403
3045
1280
710
1110
40
721
644
5037
686
211
3790
4198
1630
835
769
1935
207
2703
203
1455
1735
270
5519
3437
1363
4488
844
1071
3932
1835
4457
5186
330
397
24
3293
2053
2955
1258
2121
2347
1058
1563
4194
1211
1930
2411
2220
554
5442
220
660
4676
236
66
1915
762
1349
1878
1819
2987
221
980
121
234
1311
341
290
1799
1163
17
656
939
614
1115
223
902
2718
289
799
28
2435
959
1987
1812
4
303
218
3619
97
897
305
311
3701
1
2314
629
692
516
170
2449
3776
658
396
188
829
299
114
1344
1471
4879
85
2244
2532
5029
531
443
569
617
207
67
1555
2000
2864
3
3184
5131
631
171
115
1242
1598
173
234
50
1391
1263
925
1964
3438
325
1098
2253
50
473
2913
524
121
924
91
107
76
4688
2083
1011
6767
2695
3081
76
4690
1217
1973
22
863
183
40
402
5884
567
426
1665
2842
665
185
875
1871
2027
256
2109
1022
614
1607
33
978
955
233
1041
1391
3560
615
74
1466
2150
182
479
2665
2316
612
2068
3333
6025
973
51
104
2337
2872
132
4035
4656
849
689
784
4791
474
2842
345
4311
2
1712
1404
444
7362
24
1637
83
170
13
1167
154
937
222
2757
26
1199
386
1434
74
866
2163
7243
3395
5311
1173
2235
1139
4983
348
38
9282
644
5222
2224
1566
2428
929
99
2814
675
532
3781
286
124
994
1291
4921
2426
1152
595
530
625
496
1124
660
684
75
177
3053
4
463
137
4416
67
62
4961
674
27
5126
2057
612
430
1274
1295
3414
1668
18
3506
1775
196
2817
1400
2615
3443
2478
2390
147
471
1012
204
121
245
6832
1538
908
3599
461
772
426
2473
3611
734
2437
3957
3039
434
1517
729
5352
1183
8
1848
3439
403
20
632
830
874
231
1415
1197
746
797
1269
593
3928
17
918
417
4194
1039
460
1344
702
1614
137
1022
237
419
3814
3099
2405
850
1625
2904
72
6745
524
1856
279
879
489
1043
894
23
699
413
895
986
4182
951
1825
933
752
685
20
1066
124
749
4581
6564
475
830
676
165
142
957
397
35
4869
3126
1851
144
1674
1333
142
397
642
64
441
336
3898
5308
4852
337
1412
484
1090
2836
2674
1829
25
4841
5903
206
918
133
3716
2783
72
235
2088
2280
538
1078
1614
678
682
1792
201
2431
1553
56
4
3439
1182
995
3369
381
5239
966
3609
1326
1990
1789
303
851
872
66
406
3859
2343
532
799
58
25
2178
664
2190
4229
193
4159
872
4745
41
542
11
3150
3115
956
1367
65
1265
371
780
437
1258
2812
633
2919
2496
476
4395
173
1596
5424
1519
2741
557
484
163
4047
963
1337
141
184
503
624
505
171
1082
529
855
515
734
5319
2178
159
5860
5814
1927
3137
111
97
2181
970
1631
2867
126
5319
651
1875
642
250
920
936
4407
3207
983
5152
1460
187
69
4588
1822
13
5336
171
2047
2455
43
3908
2435
2878
168
365
4414
107
3307
2385
45
152
536
5084
2571
277
98
5986
1554
1670
500
2522
2180
605
1381
652
2604
1238
1960
1724
7946
3809
86
913
5508
5845
463
3997
510
925
2791
6753
3410
561
3313
3754
1367
2771
1706
1664
2718
1429
156
1198
705
1293
2854
85
1846
2523
3928
6739
1872
5217
569
1842
1817
522
286
4490
863
278
1530
376
1210
2517
3110
3758
113
1264
2415
14
2909
309
1215
399
3409
1348
549
2918
1202
1578
365
59
2220
551
2127
177
146
573
83
14
983
216
344
440
1262
954
2391
8048
3395
1908
1703
705
2947
1724
3055
4571
5357
2964
44
403
1168
2032
2165
1437
1853
107
2887
1889
526
2070
226
1515
695
26
190
2504
176
1261
287
1253
572
1367
1165
1229
1268
113
888
3746
791
2879
1232
1555
249
358
525
1908
409
810
3485
1320
4005
1914
1239
190
256
394
155
2694
272
1862
114
758
1783
2833
3561
4977
1468
1101
544
181
1593
3203
5
2267
2324
261
1258
3073
1977
436
344
925
1760
3642
115
2382
1617
2028
1187
599
5763
558
1603
64
1436
77
5518
180
265
235
2751
3879
1
2852
797
2359
1223
725
2170
617
2793
230
739
2073
600
334
2419
1603
800
1692
5668
152
397
2846
2450
354
1103
116
3623
1280
772
1531
268
850
2282
3141
741
6089
1498
1941
770
1427
717
77
255
2334
2851
442
1998
2798
1279
374
898
326
1423
4342
3768
3064
870
503
534
1961
177
1820
1495
1861
296
1854
454
397
2348
1671
5072
574
126
4324
45
6495
671
1101
805
1559
75
843
4307
615
1390
2733
4105
5878
2930
115
361
2740
3779
3306
689
871
1004
172
2040
1114
575
55
2146
2935
65
22
2997
27
994
83
1644
617
500
300
546
396
3173
2442
393
323
815
659
6372
465
514
1341
4146
293
248
2533
1877
1693
1073
444
1639
323
904
141
2671
658
363
777
1390
265
1005
597
136
2144
611
3760
3408
3827
495
2153
2121
44
1299
555
4591
997
824
3124
720
298
1898
763
2429
5108
168
305
1931
694
14
68
4573
186
965
1613
2979
4095
59
129
2440
3114
1312
3968
401
1462
3450
625
1209
3000
4476
4521
1649
3021
444
62
1064
205
4567
1310
436
764
3992
1682
1734
2830
1402
856
4037
1491
2776
1041
204
58
1297
230
2230
5779
420
2259
1304
463
184
308
311
128
2842
374
16
1288
466
60
2926
11
2874
3771
1332
499
655
1044
29
1381
9
1623
1238
1974
2961
369
133
6679
0
27
3189
2540
88
767
906
5082
2007
681
412
25
1355
14
1510
2481
286
4422
156
819
213
662
4800
544
57
227
940
1055
768
6627
1945
825
476
2857
244
821
831
1617
265
2257
526
1964
1427
80
743
846
761
17
1056
14
2204
5039
176
2111
8071
7662
2245
3046
1227
576
1131
468
4685
355
2441
1252
449
3641
1004
2138
689
1847
1026
1423
629
368
1648
2744
3761
1951
2936
594
317
448
2087
7
3653
693
147
443
181
118
887
4427
456
671
868
73
467
2732
271
2410
59
1701
85
588
2876
842
2053
2317
2539
155
1102
5133
73
375
101
653
459
1099
109
443
1104
1847
130
1458
2396
1681
338
722
834
7356
1575
1120
2180
725
1537
1807
2212
408
1760
359
1839
2499
2871
10
84
752
3822
4152
1110
4757
49
660
4816
2721
882
1543
93
265
745
6
3508
1015
747
3237
0
2099
3877
704
3094
557
1951
75
1110
5297
214
2797
291
777
1568
605
1001
4006
4675
829
555
1817
1245
277
2378
4332
2996
2312
773
371
427
4942
349
5007
416
1129
259
4070
1876
1602
1141
1632
2038
713
1580
5082
37
46
4901
6390
4882
3011
1186
679
519
2928
15
5506
1853
1370
665
1941
541
737
6580
1936
561
2710
949
885
3536
1645
1289
1029
294
4299
502
5214
69
2992
2410
121
6163
1170
3326
5469
2188
183
4146
4083
2012
3523
2423
2105
391
6
2569
931
505
441
4425
306
529
808
1740
2882
546
167
2513
3975
3357
4942
2912
3664
7403
1668
374
2650
4036
810
3731
177
1672
1327
4371
64
4762
569
1782
1037
2456
2716
301
3183
938
149
4876
4760
253
2172
1524
703
691
11
4687
1906
4254
4966
90
298
1656
55
4630
3449
4392
1087
430
1270
16
14
1142
5665
726
106
918
1697
73
5499
7403
87
828
1733
100
1325
2325
2268
468
2123
5826
3754
63
1349
6634
842
3438
5605
895
24
475
1383
54
338
6059
368
3670
4670
2637
646
1317
6930
2644
1099
250
107
323
188
115
2036
1031
987
104
905
340
4904
594
7251
3545
6776
317
1445
1540
463
1345
860
1485
2561
480
959
2373
1343
2575
8895
1173
3035
374
2454
1980
1778
1063
1829
1493
2815
5555
1803
2255
6849
3372
5600
58
3409
496
1660
708
4350
4017
973
1489
955
2371
3413
7002
1265
5847
3089
4128
1111
8807
846
2109
707
1120
694
206
4985
2300
677
4620
4634
3728
1036
456
5753
781
392
326
2443
1161
2349
1725
469
95
1147
5612
3302
110
1614
1225
1853
582
840
1230
3742
2362
2643
709
42
258
1428
970
171
1248
2242
589
629
3553
598
6271
2476
1752
9
0
2000
430
2797
598
683
2351
395
6138
2524
721
1173
1785
441
1007
446
3910
276
1130
573
880
2151
1908
28
5199
1329
221
860
60
1715
3092
2577
33
3132
1960
125
2734
195
306
941
4967
539
1828
628
302
855
1197
1596
1063
1479
1484
4556
3387
339
60
4124
606
1484
848
5172
1175
2672
730
553
872
367
1150
445
578
6687
2193
205
1028
941
4139
809
1797
1220
1281
1571
2134
360
3747
2064
450
5635
2088
1376
192
454
1296
695
847
1203
5267
230
718
2404
1930
656
160
202
506
80
669
2102
98
1175
1955
505
8420
1602
3784
1123
12
701
5084
2187
1880
6352
2387
841
1271
1418
599
348
27
1046
1680
5098
4801
1882
73
1137
624
4866
1641
87
83
1307
2784
893
1423
293
2174
4569
1502
17
1645
404
4876
397
407
906
14
342
6947
732
45
854
524
882
1530
476
212
3866
7038
588
3018
3703
3494
2327
1300
1741
187
1569
11
1221
4800
2196
1743
1009
19
165
624
1510
91
3701
1093
2034
128
205
2734
1222
3843
285
2383
127
4790
3441
6122
958
692
166
1644
631
2690
1026
1439
5234
144
545
1800
521
4807
2479
525
175
7102
0
1822
379
32
518
2898
1144
146
5817
207
1878
1542
92
2692
5689
7
6315
973
522
3488
18
3281
1691
3423
950
154
1715
1295
3013
202
5032
2239
2003
2139
5619
1566
5606
183
92
1397
2347
172
1617
855
83
1824
2513
94
618
4468
2846
2477
4398
2051
427
4553
183
3978
4862
117
1745
60
1997
840
6610
3292
1093
1820
1420
160
625
2563
655
1852
3377
1954
745
640
4512
223
1848
4463
2036
200
667
105
344
2084
2459
84
5982
3253
1811
6936
272
3247
42
4366
3366
7
5272
925
345
559
760
1024
335
1470
63
181
1286
28
1144
168
927
2870
44
313
2014
5122
613
3045
494
232
1993
3292
955
155
577
1176
3586
363
2490
1035
4822
547
476
3260
266
1442
3702
772
1935
2900
1356
1464
861
2780
1073
1125
2264
5410
1253
114
41
152
54
1283
3235
376
24
2853
243
2662
4548
415
4796
316
641
2561
4274
1643
313
1025
2421
794
240
17
4088
1593
1597
59
2192
375
2939
8527
2900
4061
328
478
589
2236
5199
2263
1533
693
1549
3442
2520
373
1282
488
3249
3774
1088
7
3039
69
2458
4027
2180
876
2351
356
2468
632
959
1828
921
1339
5173
745
3014
2178
2006
1179
3807
2993
5766
1532
1711
1034
3866
4660
153
255
60
3793
1047
818
1066
4144
2096
1213
3521
4202
2
5135
1263
2604
1608
4904
1094
2303
4816
2083
157
1568
2155
3713
112
841
79
46
297
1071
1374
1682
287
3216
35
61
1591
94
39
5025
220
917
4802
7630
2075
2050
5250
3026
795
837
4347
4833
81
3394
1880
561
194
3520
1430
2732
403
5820
1616
453
4484
2478
2561
1451
1166
1711
4192
660
3538
2898
335
2331
489
3386
2411
197
1893
789
741
636
57
111
1656
1282
5183
6336
7140
35
386
161
37
2623
859
1715
379
2153
488
15
2897
256
3097
429
523
414
16
4978
2900
3329
1477
461
8
720
4567
3905
206
172
977
298
3189
89
1153
4774
668
1285
1429
1656
266
2299
113
6840
1278
3259
1238
425
558
1940
3781
47
6405
4288
17
115
198
7368
284
1190
56
151
1719
819
7799
3444
686
997
3695
2559
1231
82
270
570
4961
2572
542
394
1135
2386
190
140
250
498
1651
5717
299
2682
1273
968
321
2352
61
74
206
4230
5283
816
3924
6487
1853
14
827
1017
3336
4215
4684
1703
321
1127
1223
76
5322
968
4881
3806
3415
253
2833
433
378
1334
2497
5217
880
5
1320
4219
1511
1463
3946
718
1071
908
729
3599
3297
2148
594
97
3068
2166
84
1741
271
549
1000
1805
1432
6543
2010
190
1042
355
4127
45
4026
568
82
665
2127
893
442
1100
174
96
7079
1153
475
1781
486
1807
4421
1129
2732
172
849
569
1626
1070
1958
240
2983
7302
30
609
46
1159
456
173
2276
583
425
95
3580
839
246
591
5306
932
1116
373
915
2920
762
310
772
493
2711
1713
58
1146
1334
1378
1383
2336
819
1247
2030
1515
706
3881
1950
5180
656
2350
2762
1115
645
65
1783
688
97
3401
3310
1340
222
2919
221
597
642
1928
3373
1197
115
3649
674
1572
1055
169
543
220
4564
1388
12
1197
1000
1929
587
7084
528
715
158
3766
360
74
168
1603
741
718
177
56
1503
475
2992
267
142
2683
1563
1008
4726
465
313
1218
3485
1002
4193
429
3072
1887
187
163
795
7009
330
63
2541
298
2286
3596
2476
124
385
103
2523
5503
2564
1791
1737
1262
3837
2035
1412
24
4251
46
1482
2846
696
2689
786
103
128
2971
1947
257
1245
272
2042
164
1782
1293
1120
1585
346
311
69
790
338
789
2375
2613
1053
3215
107
21
13
1403
3089
5862
149
1683
191
4292
2540
2989
1714
79
4606
16
511
1834
1527
599
549
1968
506
1982
418
2736
2134
1634
484
172
1529
0
1122
202
2791
72
3141
207
1059
149
407
4312
691
186
1932
1126
5363
271
505
130
376
2378
1055
3598
87
1601
3279
972
3432
799
105
143
4616
1602
3
1522
88
1011
903
1581
2203
513
1705
568
4306
6162
2715
4417
281
1554
2497
295
1713
3
1859
252
378
1987
1633
8086
3211
1728
1267
1487
3435
698
90
184
1434
5015
778
3984
4099
768
4239
326
1307
463
2413
1732
4214
2449
3132
2141
888
1509
878
3707
43
33
1373
474
1563
21
113
1443
1208
3015
2104
149
4294
2235
512
4044
3055
957
106
4112
30
328
56
175
505
1729
7
113
2058
88
5330
45
5507
1162
999
1831
3126
734
1820
682
1199
701
2402
1692
1574
92
420
1152
564
283
774
2125
794
1272
52
2732
497
94
1099
1789
2543
693
505
128
74
2384
2420
105
7027
3966
5618
300
1965
298
440
1455
1259
3172
485
2668
980
575
539
414
604
10
1322
931
475
2852
5856
193
337
1552
644
1953
1246
4076
745
1364
81
104
99
20
740
4279
434
4949
805
1320
1572
3784
942
535
1192
31
1453
3130
11
1459
90
1959
3402
879
2157
672
2698
95
998
427
305
1283
889
2448
1998
1019
991
4121
5613
216
29
4378
5642
85
3990
427
1842
908
2391
754
1073
265
519
32
601
4198
913
1353
673
259
434
58
2883
2003
5852
3842
491
787
96
5537
272
1560
1324
67
660
221
212
1602
2738
603
413
3471
434
1845
2210
635
3039
3259
319
1551
2790
3940
152
2384
2194
1000
1475
470
968
2833
1462
4627
3382
32
2620
182
994
1078
22
1277
2415
2164
2789
1731
842
4017
1677
257
1237
430
3344
57
2528
281
417
59
633
850
43
189
770
265
3393
1781
2268
3501
639
30
593
1046
931
3704
762
2154
1650
481
310
2488
396
2476
142
3398
3016
131
824
2128
744
977
1666
1385
5221
93
108
3857
406
330
719
763
772
2447
1832
3329
508
1170
1544
3212
674
405
365
3603
2572
831
1031
1570
51
85
15
919
1369
188
575
147
687
276
1944
316
661
56
2398
4634
2171
101
713
70
2220
132
65
4
5973
1103
2620
3503
221
6963
4885
2208
2678
1452
31
102
1756
1216
1800
1218
704
564
182
943
1366
34
150
406
267
1724
1500
816
324
738
2182
3263
3812
2015
795
701
141
2252
1493
1508
2042
0
6585
312
3499
4013
6187
43
2346
38
1381
110
1390
441
8
2870
851
5295
823
6066
1462
3264
378
511
273
4684
235
2246
1693
305
276
5835
1777
9277
1986
5503
626
238
1254
307
2835
292
4093
347
1589
540
155
1650
449
233
184
45
4306
941
51
219
1497
546
1615
478
3024
2310
7
458
1781
301
3245
473
74
1030
87
3403
1932
3600
215
85
708
5030
1576
3941
3360
2142
196
83
5493
1140
372
174
2733
628
359
767
38
180
2738
1
1309
1030
394
6261
4357
70
99
693
393
3518
276
659
2083
233
3267
831
105
1447
3026
1244
2860
430
2056
5310
563
170
35
782
1551
2709
287
4733
766
2328
4819
426
2140
834
1490
151
59
7389
3256
523
1539
179
0
763
2785
242
504
1386
5734
226
357
1500
65
1610
3793
82
107
2656
3382
3511
340
949
31
512
1120
1262
3412
795
119
1727
1344
1072
13
77
5730
613
705
4601
1332
95
1466
2965
116
760
401
65
2441
3415
152
3219
736
4116
2103
148
135
2047
4488
1270
2864
1238
877
163
2194
2704
70
500
2008
103
748
2738
86
290
1950
440
3881
607
929
5306
3704
678
545
1962
336
2896
82
571
661
5219
511
4126
1320
6318
1970
654
319
593
289
608
1205
267
161
1191
2312
4027
1305
460
1642
600
430
755
3008
494
704
130
3026
1805
4601
172
1251
1034
828
1594
254
451
1086
488
142
522
2431
200
822
581
1143
631
2247
3460
1334
6262
155
999
2837
3394
643
1968
584
832
3285
441
3695
6
1052
207
551
3067
386
3042
1963
5610
957
1027
2328
148
6149
475
1370
1223
162
742
918
1053
858
130
2843
6188
2078
2671
1622
1382
3281
3802
78
2644
147
190
414
1444
4963
145
1084
237
418
2204
270
862
1583
316
1169
1335
1359
327
366
427
6421
291
525
904
155
650
373
606
42
8477
504
3637
7447
451
441
3346
231
2406
803
1734
281
317
1245
1872
1192
270
3206
155
128
47
9
5884
0
158
254
1087
1717
567
1194
979
401
6986
198
52
4633
4791
6
4
3201
6
153
792
3900
82
791
2372
901
89
157
931
7207
622
350
889
681
480
1800
292
265
347
674
29
7009
1755
2752
3745
399
15
1083
590
413
10
2106
1943
2420
524
4633
1781
512
4292
189
1872
98
1947
4513
2055
2402
219
780
6541
2264
312
3401
184
903
1098
1042
3206
328
4512
1572
273
790
886
3771
738
605
283
3450
1403
103
3745
682
2153
1635
422
3378
320
1627
202
2798
344
1830
120
507
471
1732
1425
2062
3114
2564
3558
1761
1064
2325
252
5078
366
1498
2156
5906
92
683
1033
130
3773
819
52
1282
815
1264
521
1239
2430
5
25
2885
302
2988
2623
659
476
781
1084
1102
7733
9310
5100
1580
1138
1616
883
2432
685
1696
645
1419
1944
1310
966
1962
134
42
119
2728
6070
1612
1184
416
21
37
1383
2755
157
1273
2002
230
1245
2800
785
380
128
3222
793
101
1283
547
1152
838
537
234
612
455
2181
5706
403
601
810
1409
237
100
1803
1896
5139
1651
406
492
520
957
5830
913
4854
1558
328
1615
1699
77
872
6310
108
3227
890
158
145
1433
1101
3482
1227
709
1088
15
49
1392
814
301
6461
717
1369
224
393
414
924
1153
4
2304
654
1404
1295
5975
3441
232
1152
1186
6915
300
6798
1310
222
14
1400
4380
108
572
193
