9.93
0.0
9.9
0.21
9.45
0.66
9.0
1.16
8.57
1.78
8.17
2.09
7.79
2.56
7.43
3.08
7.08
3.50
6.75
4.0
6.44
4.44
6.14
4.98
5.86
5.40
5.59
5.95
5.33
6.39
5.08
6.73
4.85
7.27
4.63
7.74
4.41
8.22
4.21
8.39
4.02
9.13
3.84
9.60
3.66
10.15
3.50
10.60
3.34
11.04
3.18
11.58
3.04
11.97
2.90
12.39
2.77
12.96
2.65
13.43
2.53
13.84
2.41
14.37
2.31
14.81
2.20
15.20
2.10
15.74
2.01
16.28
1.92
16.68
1.83
17.17
1.75
17.67
1.67
18.08
1.6
18.42
1.53
18.94
1.46
19.46
1.4
19.96
1.33
20.53
1.28
20.9
1.22
21.42
1.17
21.88
1.12
22.36
1.07
22.82
1.02
23.27
0.98
23.76
0.93
24.26
0.89
24.68
0.85
25.22
0.82
25.59
0.78
26.09
0.75
26.58
0.72
27.08
0.69
27.45
0.66
28.02
0.63
28.44
0.6
28.93
0.58
29.38
0.55
29.94
0.53
30.33
0.51
30.98
0.48
31.14
0.45
32.28
0.41
33.16
0.39
33.68
0.36
34.69
0.33
35.58
0.32
35.99
0.31
36.43
0.29
36.87
0.28
37.37
0.27
37.86
0.26
38.42
0.25
38.83
0.24
39.28
0.23
39.78
0.22
40.23
0.21
40.67
0.2
41.19
0.19
42.11
0.18
42.52
0.17
43.0
0.16
44.0
0.15
44.9
0.14
45.45
0.13
46.39
0.12
47.23
0.11
48.25
0.1
49.58
0.09
51.0
0.08
52.4
0.07
53.92
0.06
56.2
0.05
58.56
0.04
61.85
0.03
66.08
0.02
72.69
0.01
84.55
0.0
133.62




