56
4 2 3 4 5
4 6 7 8 9
3 100 200 300
1 150
5 0 0 0 4 8
5 0 0 0 0 16
2 1 2
1 0
5 2 1 3 13 5
4 10 12 39 65
4 0 9 4 8
4 3 5 7 11
100
41 97 64 100 29 104 38 98 12 44 95 95 71 107 61 51 25 62 97 46 51 84 52 43 72 62 41 16 28 95 57 56 31 98 109 2 37 9 95 104 103 51 82 83 73 44 71 11 93 48 27 34 102 87 17 99 33 61 29 8 106 65 80 82 68 76 20 32 14 98 56 45 50 19 60 60 46 81 83 28 49 83 104 44 56 70 16 6 71 18 4 99 96 103 37 88 58 102 49 41
100
103 95 19 68 44 30 7 106 103 56 71 35 84 42 0 109 47 63 37 12 6 90 31 46 25 17 5 64 71 62 70 50 1 54 106 20 87 51 77 7 57 77 33 43 95 109 89 78 21 108 42 86 6 50 23 18 20 31 62 5 30 89 14 77 98 103 95 81 82 40 61 36 24 20 86 41 68 99 88 64 31 4 53 19 18 108 80 48 87 27 98 43 8 43 97 1 10 17 43 54
100
9 26 15 71 30 79 19 96 28 53 64 8 14 49 29 32 5 25 13 43 53 47 54 43 78 10 38 18 10 106 58 101 9 8 69 97 12 82 58 82 98 89 40 67 38 31 15 8 16 71 32 104 72 35 88 96 72 46 65 53 59 12 84 96 101 98 92 61 11 89 37 96 62 79 15 42 70 90 103 29 41 58 91 109 75 33 52 25 92 55 28 76 17 107 42 22 99 64 91 29
100
66 89 58 92 85 105 24 49 71 52 5 20 48 13 79 103 109 36 77 99 109 57 66 79 83 95 107 66 16 45 68 2 25 104 74 41 76 101 66 53 23 45 55 33 32 28 72 45 23 36 51 88 106 42 41 74 96 92 89 71 35 100 63 16 54 99 2 39 93 4 84 30 15 79 96 63 74 82 78 48 87 5 28 21 82 105 77 14 74 84 74 24 62 29 63 20 7 27 38 37
100
63 40 3 28 32 15 22 10 63 37 72 29 57 95 3 54 23 52 81 101 93 42 15 93 65 51 22 32 62 46 84 90 47 0 83 64 80 20 15 33 21 20 86 47 25 10 30 54 55 64 79 35 66 24 108 12 101 26 58 43 91 74 28 84 109 52 50 47 40 56 100 27 50 75 6 87 53 98 14 49 72 36 85 77 97 64 95 107 19 28 13 30 82 2 13 66 107 61 75 75
100
54 10 42 86 80 86 81 81 31 27 33 70 90 74 48 93 100 61 72 79 100 3 38 88 5 27 37 100 98 59 103 0 107 14 97 48 103 37 1 80 50 98 13 104 45 50 91 104 75 16 22 90 13 75 96 6 86 7 56 47 77 61 109 101 26 42 27 102 67 106 35 61 3 39 29 55 69 22 76 45 63 22 64 34 54 32 7 69 92 103 77 63 31 85 57 78 55 68 23 32
100
104 21 81 45 9 5 31 50 86 34 25 103 90 18 59 41 93 84 97 24 56 13 56 75 32 98 41 80 3 31 55 105 52 22 1 77 74 8 102 73 26 23 30 73 105 52 58 60 27 82 62 5 79 71 20 88 85 60 27 59 30 75 103 64 61 10 44 38 5 69 82 15 74 81 13 89 15 38 32 57 59 76 41 57 87 61 59 0 93 24 31 27 85 103 73 12 84 101 72 29
100
30 28 87 14 65 86 98 0 17 87 44 63 101 3 96 53 100 61 99 90 64 22 29 13 1 104 28 102 90 15 25 109 83 92 88 27 54 8 1 44 33 75 95 2 56 88 9 82 49 15 19 104 5 60 35 98 48 40 31 53 12 52 92 7 80 63 91 53 13 7 50 19 45 65 28 93 47 108 83 97 79 63 99 61 48 12 58 50 101 108 34 98 66 30 29 83 90 100 88 7
100
26 103 105 106 5 108 63 109 4 18 13 59 27 16 104 105 108 56 1 15 5 91 109 36 104 55 34 22 45 93 82 66 58 102 76 86 103 9 64 105 56 2 15 63 65 86 106 101 14 54 6 52 66 38 22 35 5 31 80 21 105 31 77 6 0 0 52 74 3 13 76 32 38 2 13 64 23 24 13 66 38 14 107 33 49 48 50 70 88 28 70 65 11 84 23 46 53 69 52 41
100
109 88 72 13 94 20 12 103 91 9 28 19 88 69 101 83 55 101 104 72 15 13 98 89 72 108 7 30 1 74 78 61 109 3 85 79 77 49 58 70 1 84 47 45 25 5 70 69 72 28 32 84 25 30 64 24 20 5 101 51 75 29 60 48 83 18 107 92 36 89 43 108 71 60 73 23 28 104 28 50 11 15 84 81 3 97 83 105 48 35 106 9 50 68 9 73 66 50 106 39
100
47 98 59 54 51 45 26 106 36 6 66 47 71 54 20 76 81 2 91 14 49 65 82 63 74 71 75 82 43 31 76 58 78 102 7 107 51 22 16 10 24 79 14 16 80 63 76 2 64 45 78 28 11 72 71 84 49 38 82 4 65 62 79 109 88 23 88 86 59 48 106 76 92 13 58 32 46 22 57 75 87 88 2 7 28 0 32 80 18 9 92 98 22 100 45 65 72 107 6 27
100
68 97 88 101 86 30 49 95 108 9 100 50 80 77 82 5 105 22 31 74 8 46 24 106 68 99 58 53 5 95 81 35 105 68 34 30 25 4 87 32 81 54 9 89 0 23 80 33 45 20 47 56 77 68 73 46 24 4 21 39 105 85 27 104 57 93 64 70 88 98 31 45 22 3 52 54 86 66 16 92 89 10 24 9 63 51 71 49 59 65 65 105 46 100 75 79 64 36 63 14
100
89 50 5 3 79 71 42 38 78 71 88 66 20 82 84 89 0 12 2 91 95 44 104 44 52 95 60 34 42 91 52 27 17 109 85 55 94 30 63 94 61 22 12 9 8 82 82 27 98 15 38 63 99 34 34 6 29 78 5 76 26 0 37 92 7 42 86 64 37 71 23 42 71 66 93 108 73 52 18 36 90 91 62 96 20 15 34 106 97 19 93 54 57 8 48 101 76 83 108 27
100
56 31 27 12 3 27 78 45 48 35 98 37 43 83 61 50 48 21 0 99 82 24 29 21 75 27 3 103 44 62 72 60 41 62 7 17 30 42 64 61 90 23 37 103 59 95 39 17 52 70 22 58 6 27 20 78 41 58 63 70 43 56 102 30 72 88 64 11 38 93 17 5 48 11 17 90 14 8 78 21 103 86 17 38 19 75 95 65 106 66 23 0 20 88 18 12 3 80 56 85
100
10 49 67 2 82 68 92 39 4 14 8 12 97 52 75 58 74 87 33 39 15 1 79 40 12 68 63 51 54 33 81 30 54 90 67 79 70 28 61 94 40 67 19 85 13 38 12 33 92 41 20 104 80 37 35 49 80 105 81 82 10 19 18 29 61 37 73 63 80 47 76 36 100 92 48 49 68 89 49 39 54 52 40 58 27 88 97 23 80 47 6 84 82 71 99 51 56 20 33 73
100
76 22 42 101 4 103 2 56 60 45 14 69 6 60 68 82 87 24 90 107 66 90 21 72 59 3 78 5 31 45 36 16 58 58 49 88 77 100 37 79 101 25 38 36 33 109 14 55 13 78 12 23 9 34 48 105 81 33 12 38 41 96 54 56 7 7 109 106 44 61 69 32 6 3 71 25 109 17 70 92 16 81 27 96 2 15 83 34 40 37 95 5 93 21 38 68 48 60 101 47
100
25 60 55 69 0 99 33 5 104 12 57 42 96 87 32 42 20 41 81 97 105 99 51 48 1 87 8 76 56 19 49 62 56 16 45 48 24 20 103 7 108 73 81 101 42 25 7 106 62 91 26 101 61 35 107 64 58 5 46 14 49 28 84 13 102 75 103 68 13 32 17 80 16 48 70 61 101 9 65 73 106 13 101 35 93 4 10 43 81 107 59 70 53 85 22 109 81 22 56 91
100
107 50 61 5 32 2 29 80 65 31 88 73 46 68 8 6 1 16 96 87 0 44 19 48 79 54 89 48 57 55 16 54 38 86 78 107 68 80 19 15 76 59 100 30 11 83 25 35 98 60 11 7 27 24 86 97 70 7 24 31 2 21 38 73 85 7 71 4 27 76 68 92 53 50 102 47 8 48 95 89 77 101 3 84 97 91 33 77 41 102 77 45 83 104 14 65 105 81 4 1
100
32 76 26 43 43 20 20 18 71 73 68 61 46 89 58 100 71 63 19 93 49 33 106 5 55 104 20 105 50 66 85 5 1 58 29 26 102 12 95 100 5 2 5 72 70 76 17 72 58 70 60 86 38 33 40 76 14 23 67 80 15 72 80 47 75 96 71 48 51 8 45 36 55 19 12 96 15 62 73 82 21 102 92 8 58 88 67 34 50 90 35 109 89 5 23 90 89 109 65 41
100
71 101 22 63 53 19 37 2 73 63 90 84 48 34 43 79 82 54 39 0 45 37 54 37 16 86 93 50 89 10 28 70 11 15 71 90 53 49 85 28 29 56 62 5 57 26 103 108 65 89 43 50 102 45 1 75 37 37 29 54 1 27 18 25 67 28 38 104 2 93 18 4 91 93 70 14 31 27 87 42 81 13 41 33 21 45 41 15 20 55 21 62 22 1 25 25 93 48 99 82
100
68 4 82 37 45 18 34 70 99 54 74 3 5 58 54 81 20 33 63 24 90 36 37 75 105 36 30 29 58 73 85 67 89 70 14 38 7 54 20 92 63 5 24 101 36 106 44 35 2 39 31 72 44 19 69 23 97 36 35 28 87 98 109 7 67 11 96 25 0 11 103 22 46 70 25 77 64 24 29 60 16 11 51 79 10 94 82 71 89 57 30 49 43 83 13 11 53 55 86 109
100
45 89 18 28 73 99 35 11 73 96 102 78 78 41 89 68 11 33 103 84 53 89 62 17 42 61 17 96 51 107 43 70 46 10 72 25 86 50 77 52 80 19 85 14 23 42 75 16 80 98 108 1 85 7 85 27 99 92 83 97 32 27 79 53 66 73 18 41 30 56 108 7 96 55 91 42 89 55 106 51 35 14 11 73 88 105 80 109 2 51 13 13 15 2 29 40 24 88 65 57
100
33 13 40 93 20 73 52 71 31 70 88 81 48 17 42 88 39 2 13 70 102 58 22 65 85 78 41 22 84 49 88 48 82 7 71 87 99 65 90 13 4 80 41 85 53 4 2 33 52 69 94 9 92 64 9 100 44 64 69 38 85 73 82 63 100 31 37 31 39 98 48 63 72 49 3 63 2 68 23 94 60 82 90 21 32 41 90 77 6 66 38 50 95 18 68 59 65 27 23 12
100
92 102 60 80 102 33 101 36 68 67 37 22 58 47 89 65 49 2 99 21 23 90 48 41 69 52 40 32 64 27 85 18 91 10 100 107 51 46 79 73 10 23 87 23 80 34 13 72 83 81 40 82 87 97 21 53 90 107 40 103 66 43 11 109 95 36 91 95 21 10 49 67 3 100 18 61 65 1 57 81 107 59 74 9 48 30 90 41 18 95 60 18 39 72 98 20 38 65 31 34
100
97 13 106 21 46 88 80 78 26 105 57 91 40 32 8 33 25 25 66 91 64 109 53 78 103 92 23 63 107 53 60 51 54 28 67 18 109 68 29 97 39 21 9 75 78 39 26 69 103 13 81 4 91 34 35 97 36 63 94 56 43 58 63 94 102 7 38 19 70 11 14 30 37 93 64 39 84 45 66 98 99 68 89 69 7 40 78 14 45 26 9 83 36 12 20 30 46 95 41 66
100
51 99 47 63 75 70 10 96 25 51 78 92 77 62 24 45 22 62 85 18 46 99 98 103 65 35 20 95 98 101 105 100 57 23 54 81 15 26 54 101 97 70 34 0 6 81 70 45 25 12 65 18 43 92 57 48 5 12 67 2 69 107 56 73 91 25 69 8 39 5 94 39 65 82 15 82 62 23 60 18 57 22 18 63 67 75 4 81 58 12 39 56 88 9 18 21 76 103 27 15
100
14 21 90 41 42 52 78 15 24 36 67 47 23 54 84 9 51 18 3 68 7 9 47 51 91 74 83 95 42 109 71 95 15 106 107 39 40 32 33 41 59 18 57 28 54 94 64 93 5 78 70 42 69 24 29 28 103 25 30 34 3 5 62 35 47 7 7 34 44 50 44 1 71 45 14 0 82 68 86 8 1 64 47 36 54 79 68 57 63 108 96 82 18 60 39 18 90 24 59 26
100
68 12 28 84 37 89 24 50 47 24 8 71 78 2 82 41 74 86 16 29 23 108 71 43 6 64 95 22 32 100 51 50 53 8 87 3 83 81 104 65 106 61 42 31 79 81 38 60 54 7 87 94 61 1 79 98 41 30 73 52 5 50 53 2 102 6 13 3 106 41 95 78 92 91 79 53 59 57 62 31 23 12 20 99 2 87 54 45 60 33 72 69 7 108 70 81 61 84 27 74
100
3 109 49 56 67 56 12 100 109 96 52 23 20 63 65 31 49 86 7 9 42 47 45 36 78 42 74 106 63 40 79 1 28 37 36 88 4 40 73 27 79 16 42 42 77 63 80 37 43 30 17 53 26 14 16 67 14 50 91 62 54 14 56 63 84 15 20 2 90 71 66 109 53 57 49 31 55 22 104 74 81 43 94 76 18 68 57 0 63 84 4 56 87 1 18 101 12 101 92 63
100
81 51 1 50 8 99 21 40 99 27 7 4 55 11 106 87 98 103 79 3 51 63 59 106 13 67 105 22 60 107 81 57 60 106 57 81 67 5 94 78 61 67 45 82 31 97 85 53 21 10 80 90 35 10 50 67 108 86 44 89 51 44 28 100 18 79 109 97 89 69 29 56 30 56 23 18 40 63 6 39 4 72 90 84 64 43 36 49 21 88 109 21 51 28 86 43 65 70 29 31
100
90 8 72 52 56 58 99 27 77 48 59 93 50 25 6 43 89 27 7 64 43 95 48 63 23 23 76 71 100 94 67 4 92 47 91 55 37 62 62 107 30 63 106 40 49 18 89 76 64 30 42 79 70 3 22 2 24 97 77 104 15 83 81 103 93 84 23 65 52 81 106 99 58 98 4 71 34 55 27 3 80 102 57 77 57 30 22 30 20 68 26 74 45 40 1 65 17 3 102 67
100
89 71 41 94 40 43 103 91 105 18 103 90 105 31 30 82 25 1 0 24 0 66 14 58 109 55 36 82 2 82 41 7 44 107 58 76 40 60 12 41 93 9 12 14 101 75 94 20 66 96 78 1 43 93 1 80 5 108 29 43 88 59 98 34 33 9 89 6 89 77 7 102 15 82 73 12 78 73 43 108 85 7 108 28 31 23 75 51 12 10 78 86 95 55 93 89 55 13 15 34
100
108 25 60 63 35 60 78 14 23 25 18 21 102 86 100 92 72 31 96 75 40 21 47 97 93 88 73 35 21 13 12 81 69 14 102 63 90 81 24 28 36 76 21 33 28 87 49 84 54 63 75 24 44 62 67 47 5 36 16 89 80 87 80 59 8 26 7 93 102 30 81 55 23 35 6 105 94 106 98 71 85 38 5 43 83 92 88 87 26 89 76 84 36 93 62 41 0 25 68 7
100
50 0 23 37 3 44 106 42 30 81 21 36 95 53 104 109 5 103 54 73 107 77 20 109 31 85 104 20 10 67 61 82 103 57 17 53 93 73 79 81 85 48 68 78 100 12 44 94 83 43 46 87 6 56 1 54 8 81 46 15 19 56 68 57 11 39 81 16 107 106 43 107 101 32 47 29 104 87 101 28 82 64 8 68 21 16 42 50 14 88 55 99 94 24 94 9 59 74 85 73
100
82 101 107 84 3 31 9 90 67 13 18 74 82 66 29 68 37 87 94 68 7 98 93 42 11 59 13 87 24 74 44 83 55 81 83 72 88 10 79 40 23 34 9 24 74 43 89 68 25 3 58 1 52 83 18 69 98 35 71 20 96 21 48 41 78 87 77 32 88 32 13 26 6 69 46 95 31 103 78 90 7 66 31 96 0 73 21 30 14 103 41 25 58 109 35 94 95 97 44 44
100
86 47 67 5 92 96 108 38 69 71 59 88 70 85 30 82 29 16 70 12 102 99 82 96 17 53 6 0 65 92 101 37 61 71 105 83 2 96 6 28 81 5 68 16 19 104 66 66 32 28 58 31 36 28 77 88 89 107 9 70 45 48 92 86 99 7 51 87 35 21 36 104 64 49 79 16 91 105 45 66 80 107 75 20 67 109 105 76 68 85 53 107 10 107 45 42 63 40 34 69
100
38 25 18 70 60 79 27 27 94 84 97 35 69 102 23 52 92 3 61 69 87 83 100 74 33 87 58 60 78 28 1 12 7 24 49 31 59 93 106 2 50 97 52 60 100 95 13 55 47 87 24 14 53 63 58 86 104 94 35 59 22 34 44 72 14 2 95 103 22 53 64 70 102 93 37 52 60 107 57 46 91 87 5 86 17 109 20 28 105 107 94 42 25 86 45 78 48 72 18 95
100
52 7 6 57 103 3 15 56 89 64 54 95 29 26 9 92 109 25 16 71 7 108 43 107 92 66 19 11 0 70 14 105 16 3 96 24 66 37 26 63 79 61 64 7 35 20 70 55 55 68 38 106 49 28 21 5 26 100 56 0 94 37 88 106 44 30 43 74 91 90 30 64 53 96 81 30 65 56 68 46 27 16 27 18 9 24 75 1 80 22 58 106 7 20 7 57 94 86 22 42
100
99 16 65 106 64 10 76 109 66 82 59 71 82 66 84 97 10 98 2 24 61 20 50 63 76 21 7 109 8 50 72 99 58 79 27 64 17 57 55 23 9 61 42 59 66 61 51 74 89 18 6 89 17 14 68 22 5 28 72 45 86 71 69 3 77 11 73 42 90 66 108 29 89 13 109 61 41 73 74 88 42 104 89 71 4 23 109 104 39 105 32 11 66 87 62 15 91 28 0 67
100
95 37 54 72 49 51 48 74 4 8 91 72 108 64 36 77 63 51 25 88 105 94 2 76 46 4 36 71 4 10 74 6 106 57 105 38 1 71 45 21 31 99 50 87 36 73 104 14 45 57 42 76 35 36 32 89 106 55 63 62 1 76 3 64 69 100 65 36 35 40 36 65 3 103 32 36 56 20 66 82 30 0 45 102 80 65 26 101 20 84 39 4 0 32 86 66 64 10 57 32
100
36 16 8 75 11 0 70 72 21 23 88 34 83 45 40 28 87 40 55 53 105 56 33 50 82 59 19 53 67 19 43 9 23 40 2 75 61 61 48 33 3 57 74 16 67 101 19 64 16 61 22 28 52 25 87 77 58 64 12 40 36 45 20 75 6 10 17 12 54 94 44 40 45 80 106 96 62 56 33 21 37 85 45 35 84 18 59 99 48 31 2 27 87 89 72 71 108 42 19 77
100
109 29 50 0 26 44 72 45 83 15 61 79 17 28 24 29 91 39 98 47 89 76 89 95 86 104 107 64 24 108 16 65 21 54 19 78 28 67 63 74 5 47 67 5 31 33 63 87 19 56 85 3 84 50 22 104 39 58 10 74 2 56 81 15 46 51 100 65 10 54 28 47 30 78 51 47 72 88 10 1 81 49 71 90 73 92 23 72 62 88 31 38 97 55 26 22 106 74 37 84
100
93 97 40 45 74 43 97 43 108 80 75 36 18 72 66 18 1 32 46 46 32 14 63 20 22 0 55 71 10 55 98 80 31 53 48 62 38 74 105 87 52 73 108 29 71 46 32 62 21 83 28 15 6 36 38 39 43 15 87 106 49 25 37 37 60 90 62 65 49 23 70 83 107 16 21 105 82 85 79 25 93 25 45 83 96 36 78 105 12 81 20 92 36 98 9 76 62 5 28 18
100
36 96 1 86 67 21 102 95 102 74 79 42 57 60 30 84 109 80 38 71 90 40 1 17 33 25 36 29 65 50 76 16 32 23 26 67 55 2 65 46 86 106 77 58 86 104 95 95 98 100 40 64 34 82 62 38 16 95 50 99 79 109 63 18 67 61 65 51 99 59 108 65 2 3 31 80 47 103 48 18 105 29 46 79 33 1 41 89 41 32 94 76 28 20 8 89 105 0 24 66
100
108 46 57 83 43 31 7 23 31 83 34 82 67 67 3 103 56 25 65 63 96 90 99 95 56 83 23 12 59 49 76 93 15 15 21 44 57 1 107 49 19 16 105 62 52 13 7 90 99 47 106 109 35 56 9 39 93 15 38 31 18 99 16 21 98 4 65 43 34 6 64 41 105 2 61 47 15 34 88 93 38 25 92 43 71 23 32 100 80 30 28 105 32 88 28 107 51 30 78 6
100
83 32 102 22 67 100 98 64 27 74 33 24 94 24 16 80 85 75 73 7 72 41 69 20 98 68 38 100 59 81 26 87 88 26 85 29 28 30 25 74 46 57 6 104 60 91 38 18 74 49 34 56 14 20 59 2 49 51 32 94 63 29 39 57 37 46 26 67 99 23 49 74 75 14 46 19 38 106 38 32 56 77 85 108 86 28 72 24 93 65 56 26 32 46 104 29 52 4 32 9
100
76 96 2 82 75 26 85 32 59 105 87 74 34 83 4 99 42 11 3 63 7 63 93 70 45 54 45 51 52 8 5 26 100 1 88 39 52 67 73 8 44 42 76 67 16 53 80 102 79 93 59 39 2 22 102 99 74 79 54 8 64 56 73 84 92 38 63 43 107 108 73 47 15 89 1 44 59 71 17 86 52 75 72 92 78 106 101 25 105 19 86 102 96 98 49 90 86 34 30 106
100
16 73 35 104 21 78 68 94 64 87 3 82 64 43 2 5 11 12 34 19 5 60 26 68 95 84 61 79 21 19 62 73 32 82 42 29 1 47 75 0 79 39 68 29 108 80 21 108 50 86 38 74 105 65 60 78 96 50 65 14 56 102 89 13 32 35 56 43 105 87 42 18 35 74 108 39 82 18 36 18 108 88 105 99 79 84 82 19 49 8 77 108 23 71 83 60 76 16 83 64
100
70 88 93 107 6 56 40 105 82 100 97 23 96 108 27 9 44 18 80 58 105 57 62 74 12 109 82 30 71 85 70 61 84 20 30 65 27 84 97 77 35 22 108 43 65 79 37 38 19 6 80 29 20 61 59 71 56 40 91 104 43 94 47 9 86 19 10 7 65 25 24 19 64 102 30 89 27 53 73 57 27 20 55 43 61 72 56 14 52 24 26 80 63 55 92 67 71 31 74 19
100
96 25 29 78 87 98 34 40 62 49 10 15 78 42 66 2 109 16 89 8 73 69 35 107 50 91 12 70 17 46 25 86 93 2 98 45 25 48 68 0 101 49 54 95 16 107 97 1 18 43 46 13 93 68 43 15 79 66 31 1 109 84 73 9 11 79 32 26 30 17 80 109 93 48 77 93 100 48 96 108 103 20 106 28 105 3 99 48 96 80 75 106 33 88 29 86 70 25 49 109
100
41 17 75 4 8 88 74 31 31 87 80 32 25 46 58 58 0 25 53 4 83 47 35 6 90 16 91 50 59 28 57 19 5 53 87 101 21 7 63 101 96 9 21 44 102 77 80 48 6 94 49 47 90 31 93 101 91 19 79 59 55 29 63 45 96 91 44 103 19 55 24 85 35 10 43 7 12 42 104 83 20 105 68 70 13 20 26 95 34 10 28 38 94 68 11 67 47 88 100 79
100
70 10 20 2 30 24 5 64 102 91 86 78 64 66 46 96 42 18 28 25 42 77 76 79 62 51 26 0 47 106 70 20 55 75 18 44 34 3 79 36 53 106 78 64 41 81 95 75 54 2 19 92 54 0 35 87 86 80 64 24 77 55 45 39 81 88 104 64 36 65 11 0 94 79 69 25 98 87 75 84 58 36 80 72 86 52 77 3 91 25 39 15 109 48 59 97 44 20 58 4
100
17 102 80 78 68 76 0 82 43 39 71 43 57 49 33 23 71 72 35 106 12 50 26 11 7 67 90 45 56 91 62 32 56 1 80 95 85 53 103 31 52 85 77 2 51 47 101 12 52 68 80 99 84 99 73 41 4 91 84 23 30 4 28 107 63 32 78 22 103 29 108 75 60 108 3 45 61 45 8 43 87 51 56 0 49 80 55 3 101 44 52 70 81 75 49 50 24 22 76 70
100
65 32 24 102 3 108 35 80 15 23 72 29 17 3 57 104 49 98 8 8 70 89 37 53 40 47 36 11 62 24 52 58 6 33 69 28 73 55 11 30 49 36 62 55 24 108 35 93 51 47 60 108 40 14 86 79 26 88 105 72 92 22 41 57 18 15 29 39 102 109 16 79 85 50 76 102 65 92 93 101 16 71 60 52 42 21 40 83 105 15 90 50 8 10 21 76 44 44 9 0
100
79 82 5 31 64 60 2 91 105 91 96 83 0 28 2 95 86 94 32 44 95 72 81 71 85 70 35 11 57 32 63 67 83 0 99 8 34 84 69 95 30 15 61 22 104 50 86 30 1 69 49 63 67 40 55 6 0 38 85 47 39 21 60 72 106 79 20 99 75 19 79 91 31 74 67 75 81 33 9 58 44 103 34 54 50 101 27 74 31 47 15 50 79 95 78 11 12 77 20 79
100
106 17 38 98 94 8 45 61 23 85 81 64 47 92 84 86 44 98 71 104 18 16 56 56 40 29 7 99 19 53 74 81 14 50 87 76 12 102 98 96 42 43 8 109 53 47 43 67 96 94 101 53 0 33 52 20 62 3 44 83 27 45 92 70 87 26 60 98 6 58 29 64 3 99 23 13 30 50 17 100 87 102 103 27 53 91 35 109 1 38 91 38 53 88 58 28 84 77 82 71
100
92 16 87 30 58 43 64 1 39 52 92 51 91 13 25 61 21 20 78 41 2 84 24 85 0 65 25 83 100 88 109 50 57 82 98 80 85 19 18 9 51 11 65 3 7 39 70 97 84 84 17 72 71 4 96 62 107 71 1 92 105 18 55 108 54 6 88 15 108 25 79 77 32 51 9 87 22 23 75 32 17 89 56 65 12 28 73 45 77 73 35 19 27 49 31 50 93 78 2 88
100
46 11 45 96 69 71 98 39 62 29 58 108 14 32 28 26 81 107 33 41 54 109 37 105 49 18 61 5 15 12 12 46 47 73 107 89 44 47 72 44 99 73 97 44 52 11 39 6 87 79 69 84 96 12 77 77 103 21 32 79 77 51 72 26 36 3 87 4 62 62 5 16 64 61 85 53 22 73 52 79 92 79 27 39 35 99 74 12 79 80 102 15 13 91 9 40 54 57 75 39
100
20 58 98 2 78 95 14 44 51 74 87 25 9 21 44 9 20 36 0 47 13 71 81 98 86 10 33 71 66 28 24 91 15 82 106 70 64 33 30 66 9 25 6 93 25 102 88 25 20 6 15 96 44 42 2 65 45 96 101 3 6 0 23 10 81 14 33 27 60 39 12 85 52 62 58 34 92 88 85 38 102 77 2 32 100 53 29 1 70 81 105 74 64 25 49 89 2 86 59 10
100
93 45 106 8 68 39 105 56 49 31 24 62 30 67 108 57 8 31 8 53 13 95 11 37 82 65 1 15 38 32 14 90 8 81 15 3 103 45 98 85 107 89 39 102 84 94 31 16 29 72 76 68 95 42 50 101 42 38 52 39 107 36 88 68 67 8 105 24 75 29 21 70 10 46 41 8 57 51 37 81 30 67 17 29 73 16 90 63 24 54 39 26 35 29 108 60 23 38 76 84
100
23 11 54 103 61 12 90 87 24 18 54 29 43 79 87 71 25 7 53 102 28 105 19 87 99 23 67 55 30 21 9 108 14 26 92 101 43 89 70 37 2 48 40 89 62 70 79 14 92 50 36 96 24 46 61 33 6 24 35 18 79 97 44 44 91 56 107 5 54 10 62 23 93 102 42 33 39 68 29 83 49 97 95 45 42 39 25 68 49 7 100 104 21 80 63 28 92 77 3 32
100
103 35 96 20 87 72 29 46 66 74 92 57 5 49 6 20 57 26 1 45 60 42 35 27 58 74 81 79 102 35 92 69 83 70 42 42 6 80 59 42 15 101 96 95 104 107 54 89 102 11 79 17 31 56 74 13 71 77 15 35 95 102 79 60 18 33 49 19 92 104 24 92 105 105 83 56 32 48 14 71 82 96 16 39 31 94 73 74 56 48 14 103 28 54 67 104 26 14 96 36
100
43 108 90 56 101 51 36 69 60 35 108 91 21 41 35 98 43 34 79 50 108 21 99 103 98 27 4 67 50 67 26 103 9 22 36 59 18 89 95 61 97 20 10 37 61 22 26 109 54 93 70 12 42 42 3 93 93 91 100 32 3 50 69 29 42 6 75 66 76 3 44 108 88 8 38 13 35 81 13 17 63 17 4 100 66 11 89 44 106 102 104 43 40 91 53 15 78 53 107 14
100
87 41 32 93 79 10 108 52 88 16 80 37 48 61 76 35 1 24 10 95 37 9 30 5 3 99 14 48 64 53 98 58 80 37 74 63 33 22 20 8 56 54 76 49 37 67 47 99 82 55 105 66 107 46 64 55 40 66 32 55 73 86 6 8 66 93 24 79 11 105 34 4 4 53 109 16 37 34 37 96 23 54 62 51 109 5 9 56 11 61 18 103 56 80 26 49 90 19 4 36
100
89 83 56 61 3 106 13 20 67 65 12 67 89 45 33 63 71 96 99 5 88 43 88 77 101 91 104 83 105 77 0 51 27 18 26 15 11 26 39 59 51 11 102 69 95 53 10 44 36 63 12 18 39 55 40 100 78 11 28 35 37 30 34 87 4 103 104 92 105 64 20 72 14 59 74 16 3 88 68 49 11 69 3 72 30 6 0 28 68 80 83 71 52 4 89 35 15 32 19 108
100
62 19 10 40 16 27 94 42 86 103 14 3 66 51 91 34 61 102 19 62 66 20 69 108 19 45 2 0 47 84 40 99 72 85 83 45 88 42 24 96 88 63 21 17 18 17 102 35 10 8 15 103 70 36 71 39 95 11 97 64 0 103 29 50 28 13 70 48 61 104 63 74 92 16 24 96 25 64 88 22 90 99 48 102 81 44 10 46 42 34 12 80 86 26 56 2 37 81 81 89
100
17 72 85 101 53 100 98 89 68 64 81 96 96 7 21 40 2 68 93 13 71 22 56 53 101 75 4 95 93 4 54 77 13 34 53 32 81 84 80 57 88 79 57 40 13 71 53 46 81 0 28 83 33 71 13 62 61 54 29 106 2 14 109 22 12 21 109 60 50 79 75 52 45 31 57 11 103 81 46 35 93 60 43 74 32 54 103 46 12 15 59 23 7 96 83 9 1 60 5 108
100
51 29 30 55 44 68 68 104 38 23 18 107 105 80 92 85 70 41 95 42 74 56 52 24 15 5 34 19 44 59 2 9 96 9 61 3 60 76 32 93 73 79 100 35 17 0 69 39 60 41 37 69 73 84 31 65 65 43 4 59 47 95 84 48 81 23 26 43 67 21 55 41 41 90 102 85 0 81 60 67 93 4 13 1 61 48 87 49 80 15 59 92 91 42 80 53 24 87 50 70
100
81 108 3 11 91 78 78 3 103 5 79 62 98 13 104 45 89 30 46 12 4 55 59 108 85 51 108 57 46 107 15 79 94 33 101 0 35 44 56 10 48 71 1 27 84 54 75 34 102 29 20 37 9 54 67 100 15 56 104 19 82 15 55 21 12 51 104 53 63 12 1 19 24 49 83 95 105 90 6 11 57 3 41 106 32 10 84 16 28 62 109 76 48 11 49 106 53 69 28 27
100
5 33 50 100 85 104 101 43 65 57 13 97 48 14 22 38 40 84 51 66 15 68 83 47 92 101 69 107 31 72 101 11 52 81 93 35 96 30 101 85 23 90 88 85 13 82 42 6 107 9 102 19 16 41 52 101 50 10 88 70 90 15 19 28 61 62 44 63 40 92 100 40 44 91 39 66 75 13 99 7 84 18 89 44 50 28 107 27 95 36 80 83 38 70 19 64 109 13 35 34
100
17 58 46 81 44 37 63 109 77 0 85 74 84 26 45 88 74 97 78 87 55 52 51 37 37 46 29 74 79 33 1 21 4 109 75 95 20 12 3 19 36 19 8 28 71 13 66 70 0 39 65 14 108 17 94 89 29 88 63 88 75 102 61 65 103 101 46 17 13 80 55 92 42 31 75 80 42 66 72 18 23 56 17 4 25 83 7 77 48 58 94 70 73 75 88 99 3 81 107 10
100
109 33 83 65 7 53 36 34 109 4 70 100 69 37 58 6 85 52 2 3 65 53 37 79 91 90 85 0 29 63 16 65 85 9 96 71 39 19 71 57 55 89 4 97 95 40 23 52 50 53 8 8 55 19 84 50 13 77 47 99 105 59 40 96 18 107 56 49 50 9 61 107 19 18 85 49 90 4 60 35 32 45 28 40 67 104 49 13 94 40 1 11 24 47 71 50 6 84 103 78
100
80 31 100 104 105 3 85 109 14 72 37 80 18 2 3 0 91 22 35 67 25 81 58 25 43 101 66 20 58 104 98 67 35 7 65 95 30 12 4 68 70 24 99 15 14 91 52 14 107 69 100 102 52 34 37 57 80 41 27 21 67 108 95 41 65 7 74 33 47 2 39 62 12 65 102 55 20 4 30 18 98 34 14 43 103 75 72 22 80 15 30 104 33 2 86 88 8 51 25 46
100
72 13 18 9 61 51 15 96 48 81 68 7 71 89 89 92 100 14 101 2 98 40 0 34 86 10 0 103 19 28 45 54 45 64 24 18 10 29 48 69 17 100 39 108 24 49 92 20 8 90 47 93 70 92 25 40 47 100 72 97 49 30 20 36 34 51 105 1 72 49 57 60 76 23 86 43 56 77 16 86 83 63 92 14 68 31 27 41 49 20 46 57 61 33 23 78 101 67 59 11
100
43 0 41 78 13 20 93 4 106 47 103 32 75 14 58 52 57 29 103 16 15 44 56 74 21 69 38 17 76 80 41 103 55 95 76 58 6 18 102 4 56 75 13 73 49 24 38 69 2 20 101 75 105 69 64 57 105 90 49 20 51 14 81 103 32 99 108 66 93 39 19 95 71 11 10 7 76 99 62 2 104 6 29 43 52 13 104 91 88 80 61 66 88 9 25 27 106 53 88 102
100
1 84 5 14 60 9 81 21 28 65 35 25 14 93 50 99 7 67 49 31 51 29 58 84 77 99 22 85 109 19 84 107 16 8 87 4 69 6 62 103 6 27 11 98 58 51 73 14 48 104 78 18 5 44 54 11 0 11 52 41 80 2 80 15 90 91 10 78 37 20 95 42 105 54 2 44 2 49 88 35 26 56 51 0 34 41 66 76 65 83 41 54 86 2 19 41 86 67 27 107
100
37 50 25 17 87 10 83 13 67 3 1 25 21 67 58 50 44 91 9 53 40 18 100 78 72 1 30 16 93 58 5 74 109 44 91 105 88 50 58 95 58 71 31 55 11 46 102 99 51 77 10 5 64 72 57 106 108 72 67 89 75 68 1 28 13 87 39 3 95 98 23 90 89 35 96 69 93 98 29 68 71 7 3 6 18 46 43 62 46 30 48 37 40 74 108 21 38 101 43 88
100
27 18 109 45 81 79 106 106 29 75 95 42 28 71 26 92 57 48 8 10 95 20 59 89 67 53 53 46 45 3 78 3 9 52 106 36 65 59 1 44 39 58 57 34 54 22 27 72 77 52 80 49 98 51 16 102 82 47 74 28 33 19 98 84 86 28 56 58 87 25 18 17 25 57 61 87 73 97 40 39 6 9 22 92 60 101 26 31 55 95 29 16 74 6 87 52 56 18 76 59
100
62 18 108 54 4 20 7 39 39 28 34 91 1 75 96 87 83 32 40 108 28 79 43 101 63 46 21 80 91 35 12 2 62 50 104 52 77 31 38 23 3 4 79 56 103 43 62 12 56 105 42 72 24 15 96 82 13 58 15 67 18 101 1 100 20 90 73 97 69 76 77 68 8 37 31 5 32 23 81 106 96 34 102 101 39 67 102 8 42 98 32 46 0 107 109 54 11 18 56 41
100
10 7 58 9 35 61 68 54 91 16 34 97 95 57 29 103 40 94 74 89 35 50 27 94 99 6 54 47 105 85 58 65 60 92 11 77 20 52 91 108 101 82 106 46 90 48 101 101 38 2 48 0 38 8 55 92 68 90 33 57 53 35 4 53 22 25 14 65 71 18 58 34 50 41 98 92 109 87 26 72 102 54 21 7 64 52 71 64 82 69 94 27 50 73 21 56 71 27 107 52
100
55 83 87 37 9 51 73 58 72 24 17 22 62 12 77 64 51 8 68 91 7 53 2 101 70 89 81 15 37 108 59 21 47 23 47 28 67 104 76 5 12 1 99 79 79 67 2 86 30 42 105 21 60 70 61 60 19 68 64 61 15 100 19 95 52 24 103 60 90 91 66 68 97 41 57 100 22 77 97 96 64 55 89 6 0 85 45 18 85 74 73 93 46 63 97 106 62 47 99 26
100
87 75 100 58 55 40 57 73 66 76 62 65 101 17 90 93 47 52 35 54 65 44 36 90 106 37 35 47 88 8 1 36 49 12 62 33 48 72 101 31 76 94 97 108 76 38 12 63 87 11 61 9 77 90 17 19 70 34 50 27 27 29 16 49 98 51 18 102 41 107 63 43 46 19 33 21 86 64 68 8 15 1 91 30 33 16 99 26 39 46 18 9 15 14 98 24 22 86 58 86
100
3 73 51 76 50 66 69 82 70 23 63 6 86 16 54 38 56 20 40 46 99 38 67 48 64 49 47 98 70 11 61 40 13 14 59 47 100 73 72 97 30 45 2 12 89 60 51 5 85 66 17 73 39 86 58 65 9 76 46 90 33 26 42 61 43 18 107 15 79 109 27 55 32 22 27 50 63 75 35 52 26 85 32 27 70 9 45 85 97 47 17 83 66 75 75 76 91 93 75 63
100
100 76 21 27 83 48 54 43 44 6 4 98 55 2 75 41 106 33 20 74 44 77 42 74 86 91 86 6 36 83 33 1 86 105 75 106 68 78 19 71 64 17 30 14 95 45 35 104 57 75 22 49 18 80 52 6 55 102 85 78 99 59 78 76 43 60 50 101 83 58 66 18 78 102 15 19 7 91 24 2 50 79 78 21 77 26 55 66 5 103 93 85 76 23 55 45 107 50 101 40
100
43 17 43 41 23 24 39 16 60 12 61 9 108 38 18 87 65 0 89 10 13 77 22 55 72 23 85 27 7 109 100 41 71 64 104 105 89 105 26 84 107 66 38 80 80 90 98 106 57 48 73 103 28 102 36 103 8 25 36 67 90 66 101 81 73 79 105 70 11 73 78 108 16 77 19 7 90 46 60 11 34 86 44 72 8 102 32 106 28 17 49 22 89 43 108 16 80 26 6 88
100
68 56 17 3 73 71 101 55 90 34 60 83 74 34 54 42 54 9 1 3 47 51 102 103 48 41 74 11 25 80 2 16 46 100 57 53 77 32 30 60 38 25 69 79 41 79 75 16 29 53 59 93 4 67 15 16 35 22 26 77 52 44 48 38 22 78 40 7 97 61 46 16 106 97 34 30 67 95 11 53 13 9 96 42 49 70 7 50 26 73 27 43 100 60 45 89 91 71 92 22
100
22 80 15 81 38 88 71 92 17 25 75 40 21 32 30 18 17 72 20 89 77 13 0 86 22 103 69 92 39 53 53 13 94 56 76 95 24 40 2 32 15 23 109 105 37 108 79 64 96 43 74 52 60 75 56 79 78 45 42 38 89 69 82 83 97 0 106 43 40 61 86 87 65 106 103 79 70 26 83 86 5 57 11 1 61 40 106 83 28 58 37 64 18 19 30 19 35 36 35 52
100
74 48 47 80 88 53 18 37 21 28 42 107 45 36 80 32 74 22 47 16 63 76 98 96 64 35 43 90 58 6 79 78 108 82 31 96 103 62 76 0 36 2 48 78 96 42 36 41 93 84 58 17 32 15 1 105 57 91 17 54 78 10 104 106 44 101 15 26 34 85 26 25 10 44 99 102 1 47 17 97 7 46 23 85 32 91 7 109 106 51 95 26 19 86 91 38 90 64 47 35
100
27 53 15 67 104 80 65 88 94 53 31 66 33 58 20 61 50 63 13 39 32 73 87 28 49 43 27 40 43 67 101 83 23 100 24 19 8 73 98 97 40 8 104 82 88 26 64 48 76 97 95 67 7 71 35 50 0 15 38 79 28 22 38 47 86 23 85 38 10 21 70 107 42 99 33 58 86 40 37 53 16 50 38 6 66 70 89 69 33 82 108 60 77 25 75 102 36 20 79 85
100
50 47 44 25 25 16 100 98 59 80 73 27 97 43 35 73 54 56 104 22 105 11 55 31 15 14 48 71 53 60 85 56 75 30 9 7 85 107 99 83 24 78 63 58 106 90 17 39 46 105 95 77 63 56 80 73 73 49 109 63 10 71 81 88 53 18 28 42 30 38 3 76 40 88 55 41 65 69 66 103 86 69 74 4 99 59 37 58 91 45 92 103 90 97 45 24 34 75 3 12
100
10 97 57 15 42 6 46 10 11 44 11 81 58 86 65 66 89 14 26 52 12 12 61 50 35 30 98 69 27 17 18 82 41 24 13 28 80 47 108 77 79 89 80 30 36 70 78 101 10 46 20 4 8 37 103 95 69 87 108 36 84 68 106 105 83 83 51 38 106 93 39 97 3 1 87 55 2 25 60 72 71 5 20 13 28 97 25 43 62 24 9 100 98 95 33 83 47 65 30 95
100
90 92 18 31 33 36 73 61 48 26 20 19 57 77 22 108 39 32 83 68 19 108 106 20 62 75 37 57 104 74 32 102 106 74 75 34 18 53 84 1 75 50 27 98 58 77 24 52 17 78 81 29 58 50 2 40 92 74 27 85 107 0 47 80 20 85 104 13 4 54 60 68 92 5 10 73 108 31 44 17 33 40 64 47 67 90 49 95 77 107 45 70 108 9 33 98 34 9 10 106
100
85 70 68 63 90 52 62 56 107 61 4 51 90 5 92 73 83 14 67 58 14 92 106 28 87 41 37 13 2 52 40 41 105 65 36 27 81 73 88 102 77 23 16 103 54 87 85 76 9 2 88 42 64 21 56 38 15 104 4 84 58 51 1 40 53 35 88 49 109 60 89 72 58 3 40 21 44 105 14 51 105 24 76 98 7 94 29 63 95 16 102 28 73 76 36 6 105 105 27 43
100
81 79 18 89 77 42 62 76 62 1 55 59 84 17 48 89 9 35 2 42 82 67 101 38 74 51 0 9 48 25 87 18 44 75 95 59 67 65 76 63 1 109 54 54 86 96 101 12 99 8 11 30 84 15 33 22 58 72 0 11 97 92 17 79 31 88 50 85 95 80 90 101 98 5 98 41 74 67 55 31 92 20 41 97 105 29 31 43 55 39 43 62 31 35 39 107 104 15 14 32
100
97 74 95 65 65 109 68 55 105 21 16 99 69 87 42 58 39 13 41 41 91 36 28 69 68 76 21 31 93 71 71 59 36 17 12 21 35 35 38 59 11 20 34 94 68 83 106 63 13 101 71 52 103 99 83 40 16 30 96 32 66 4 43 1 82 69 63 32 52 69 32 34 99 10 16 75 65 62 82 96 35 75 100 106 108 56 18 74 13 86 46 95 85 91 109 86 8 66 68 98
100
35 9 12 23 8 29 23 86 18 81 0 54 41 107 37 49 71 42 69 15 63 9 0 41 28 35 17 105 97 10 38 46 55 82 12 75 48 85 96 20 1 63 36 88 67 53 104 6 36 55 67 28 16 48 94 34 73 99 65 12 3 7 37 66 47 60 27 69 96 58 70 2 14 15 108 54 18 49 97 12 71 60 39 26 3 33 26 71 98 34 108 22 63 36 97 27 85 13 102 36
100
25 31 96 104 14 42 83 70 80 26 39 4 18 10 72 46 85 103 63 54 91 58 51 35 43 43 83 66 23 105 23 22 57 54 69 77 16 94 24 51 85 82 80 0 67 75 65 33 91 2 25 39 58 8 66 100 66 93 3 47 63 40 64 14 95 64 24 61 5 20 17 72 79 77 8 3 78 39 19 6 85 54 66 17 97 52 91 100 11 75 85 63 47 56 8 17 33 78 64 97
100
109 74 0 31 33 85 7 100 51 37 77 100 24 101 39 101 0 90 76 43 28 3 40 22 85 41 55 86 98 104 51 63 13 58 6 57 8 52 8 32 54 34 26 49 108 77 0 21 16 22 66 74 14 85 72 99 48 64 21 86 15 88 109 90 43 68 95 105 2 4 72 64 105 10 33 54 92 94 31 78 50 54 71 61 12 43 46 50 61 85 79 18 14 27 73 89 36 78 65 54
100
94 47 19 18 81 102 92 52 57 62 87 58 12 38 23 23 68 61 80 6 109 39 69 47 34 36 91 39 15 38 9 49 41 49 77 79 3 44 85 80 103 69 54 2 68 34 27 92 97 46 12 12 100 48 99 11 13 67 43 65 4 8 55 14 71 104 52 63 94 36 3 21 11 63 5 106 36 78 51 11 50 10 103 47 61 11 92 19 6 89 74 93 80 1 97 49 57 45 71 5
100
48 82 70 4 5 109 70 25 71 61 0 17 89 57 105 16 12 12 69 26 64 4 64 70 49 3 76 63 21 2 85 107 7 28 78 66 80 7 99 24 19 79 74 19 72 29 68 77 83 2 98 63 37 100 68 14 104 27 93 4 86 103 1 42 12 74 40 99 35 105 23 71 52 11 77 90 68 104 83 67 6 51 99 43 6 85 100 64 90 2 3 55 45 26 106 57 86 6 90 96
