62 128 37
58 29113
61 23875
174 14099
694 8718
893 23522
943 26059
1088 11051
1223 23820
1314 25566
1827 1505
1834 11998
2076 18193
2129 31253
2132 28252
2150 28669
2582 26748
2594 18138
2649 27968
2717 26917
3147 2238
3148 1344
3230 8340
3555 26887
3670 14800
3772 18811
3927 11836
4114 18530
4210 22259
5046 28064
5119 14344
5141 13109
5144 20647
5390 3418
5409 1040
5504 12225
5592 4609
5628 16439
6050 24356
6391 20866
7156 27720
7327 17922
7368 21379
7599 13258
7674 9448
7726 17611
7822 6284
7921 16415
8076 2433
8348 14017
8781 3504
8905 15093
8940 6588
9021 5716
9108 15982
9298 26250
9544 4484
9551 24207
9638 9008
9650 18869
9831 4732
10096 18077
10102 30853
10184 27588
10600 10318
10633 12454
11119 31623
11260 27893
12033 24519
12209 2687
12215 15535
12337 11739
12387 5541
12586 16516
12712 15186
12816 4000
12873 27386
13134 32038
13164 31058
13229 24489
13231 22119
13394 12322
13431 32525
13432 14741
13476 23730
13560 9197
13650 24760
13775 18940
13861 9539
14159 7800
14173 19411
14209 23283
14248 20775
14278 21353
15236 25752
15452 10730
15681 18606
15821 6432
15927 9738
16274 7732
16281 21915
16577 3201
17057 3769
17105 7950
17228 9665
17408 13427
17412 26090
17570 30688
18073 19196
18205 1721
18261 6419
18315 21643
18396 2107
18624 16422
18675 21203
18711 19459
18806 28534
18808 18056
18812 11677
19083 6150
19395 14277
19677 22731
19828 4614
19919 18178
20025 4328
20288 14109
20347 1259
20398 12892
20402 15507
20462 16138
20698 11164
20939 409
21453 10376
21698 3376
21726 4036
21979 10541
22097 11097
22264 1168
22290 11182
22305 21839
22354 67
22668 19172
22775 8100
23107 19266
23182 22180
23354 1614
23367 26955
23571 11328
23660 20946
23703 5627
23778 27869
24097 7792
24250 24300
24305 28496
24827 32015
25201 30418
25404 987
25476 19119
26129 28470
26345 5173
27086 16439
27494 31356
27577 1908
28198 19072
28229 9843
28264 7608
28550 11455
28613 12596
28839 26066
28858 16307
28952 22560
29274 32721
29375 8374
29406 27690
29591 876
29795 32150
29920 4956
30225 3955
30227 1739
30555 11836
30622 25077
30692 18134
31046 26484
31119 7043
31468 30892
31816 19985
32049 16085
32470 16333
32604 32123
32684 23533
32731 20254
20 8 34 36 24 34 12 43 30 7 27 4 3 47 8 44 49 41 40 27 30 3 14 5 11 41 25 49 48 22 32 10 21 44 49 33 1 1 43 30 30 41 34 20 42 17 1 49 35 23 17 8 43 25 5 29 41 29 23 10 26 1
