170 200
-20 48
84 48
77 152
-50 152
62 -175
33 152
-48 48
26 48
-56 152
-19 48
85 48
-44 -175
-70 -175
-53 48
-31 48
51 152
-1 48
-12 -175
20 48
-23 152
39 48
56 152
-86 48
-45 48
-75 48
7 48
-84 152
55 152
74 152
-54 -175
6 -175
-67 152
-71 152
81 48
-66 48
71 152
19 152
16 152
28 -175
82 152
-33 48
-89 48
42 -175
70 48
67 -175
-82 152
79 -175
-10 48
-36 152
22 152
64 -175
-3 152
-79 48
54 152
-30 152
83 152
60 152
23 48
15 152
-32 -175
0 152
-25 -175
25 48
45 152
-59 152
66 -175
-51 48
-88 -175
-87 152
21 -175
18 48
-21 152
68 48
65 48
13 48
52 -175
61 152
-16 152
2 -175
-35 48
58 152
49 -175
-41 48
-11 152
38 152
-22 152
34 48
37 152
30 48
-49 48
-18 152
9 152
-68 -175
-26 152
-73 48
-14 48
5 -175
72 48
46 -175
11 48
3 -175
78 48
1 152
76 48
43 152
-74 152
-17 152
-47 -175
-63 152
8 -175
-61 48
75 152
-42 152
-43 -175
-76 152
48 -175
29 -175
-29 -175
-83 -175
31 -175
87 48
73 -175
63 -175
-65 48
53 152
32 152
-80 48
-4 -175
57 -175
-81 -175
-7 152
14 152
80 152
-6 -175
47 152
-5 -175
-28 48
-52 48
59 -175
88 48
40 152
10 48
-72 152
-85 152
69 -175
-38 152
-62 -175
86 152
24 152
-15 -175
-27 -175
4 152
36 48
-8 -175
-64 48
-55 152
-40 152
17 152
-57 -175
-9 48
89 48
-46 -175
-37 -175
-77 48
50 48
-58 152
44 -175
12 -175
27 152
-69 -175