2224 660 3054
3560 0 1214
922 46 207
592 0 488
1444 0 1819
2231 737 2216
2198 730 2096
2254 42 1679
1076 36 1376
660 96 191
456 152 37
1997 659 1506
348 116 210
4059 301 2716
4400 20 1130
1239 113 584
1260 0 206
1396 416 1143
2616 0 1416
736 116 274
584 100 1006
724 28 220
632 0 60
72 0 614
4359 321 1676
864 0 648
668 28 608
6080 0 2976
2543 841 2080
1120 300 1106
3238 202 1600
1178 34 1477
1416 472 1925
1492 448 1111
156 0 1452
5432 4 298
2180 0 1490
2210 734 2264
1475 485 759
614 162 794
156 0 1440
120 0 904
2414 426 1100
4448 0 3956
4064 0 3220
2002 6 245
3428 0 2000
894 298 1724
752 0 268
0 0 220
4464 0 2501
impossivel
0 0 17
impossivel
impossivel
168 0 10
0 0 300
0 1200 0
0 600 150
impossivel
0 0 5
impossivel
36 0 4
impossivel
1160000 0 0
6155 2045 31540
1159955 1 1
39 1 0
impossivel
6155 2045 31540
impossivel
impossivel
impossivel
impossivel
95 25 5
impossivel
104 28 4
