4 3
1 3
2 1 2
1 4
4 3
1 3
2 2 1
1 4
1 1
1 1
2 1
2 1 2
2 1
2 2 1
2 2
1 1
1 2
2 2
1 2
1 1
3 1
3 1 2 3
3 1
3 3 2 1
3 2
2 1 2
1 3
3 3
1 2
1 1
1 3
6 3
2 4 5
3 2 1 3
1 6
7 3
2 4 5
3 2 1 3
2 6 7
12 7
2 2 9
1 3
2 4 10
2 5 1
2 6 11
1 7
2 8 12
13 7
2 2 9
1 3
2 4 10
3 5 1 13
2 6 11
1 7
2 8 12
13 7
2 2 9
1 3
2 4 10
3 1 5 13
2 6 11
1 7
2 8 12
30 20
1 24
4 7 27 19 8
1 2
1 4
1 3
2 11 17
1 10
1 6
1 16
1 20
1 30
2 15 28
1 18
2 23 1
2 25 26
2 9 12
1 21
3 14 5 29
1 13
1 22
50 30
1 15
2 30 48
1 17
3 44 41 13
1 14
3 21 18 12
2 26 1
1 32
1 16
3 39 40 24
3 43 35 29
1 10
3 33 27 7
2 2 11
1 8
1 34
1 9
2 6 36
2 49 23
2 28 46
1 42
1 50
1 20
3 47 22 45
2 37 38
1 19
2 31 5
1 4
1 3
1 25
80 40
1 55
1 62
1 40
2 15 79
2 65 13
2 35 73
1 21
3 67 68 14
4 39 19 18 26
3 32 25 38
3 42 70 63
2 29 75
1 24
3 69 9 60
2 43 56
2 31 22
2 51 46
3 45 37 74
1 4
1 2
2 48 61
1 33
3 50 27 78
2 8 11
1 36
1 66
2 71 5
4 30 34 12 77
1 41
1 23
1 20
1 57
2 53 16
1 44
3 59 17 3
4 52 54 10 6
3 7 58 1
2 64 49
3 76 47 80
2 72 28
100 50
2 68 19
1 25
1 30
1 64
1 69
4 34 83 65 15
5 100 89 98 66 87
3 77 63 74
3 36 16 10
4 73 7 4 59
4 45 44 93 31
2 11 67
1 21
1 51
1 3
1 52
2 40 72
2 92 20
2 80 23
1 29
1 43
4 82 90 86 84
1 13
1 5
1 41
1 17
2 61 55
1 38
2 70 47
1 2
2 49 24
2 22 75
4 53 35 88 54
2 8 79
4 57 78 46 95
2 6 1
2 94 50
2 91 33
1 28
3 18 32 96
2 99 62
2 71 27
2 81 58
2 42 85
3 48 12 37
3 56 60 39
1 76
2 97 14
1 9
1 26
300 60
10 77 144 112 201 176 169 167 94 127 25
7 231 88 139 149 287 222 229
4 266 10 111 33
4 173 3 198 66
4 13 28 141 245
6 177 119 262 175 90 32
6 157 65 91 123 6 52
2 236 172
6 80 248 271 12 49 285
12 190 239 225 82 280 124 291 143 188 206 81 109
5 298 53 161 72 45
6 121 182 22 71 31 279
5 27 42 67 227 217
1 61
3 277 300 108
5 96 189 4 75 92
3 51 292 142
6 237 73 203 44 114 68
6 216 138 1 272 233 281
3 60 163 89
7 195 9 145 93 178 58 282
4 235 223 258 150
6 290 29 255 242 234 187
5 226 247 134 232 48
7 184 156 24 218 207 95 230
7 267 273 148 120 204 256 186
3 253 43 76
6 244 118 170 74 26 151
6 117 69 158 192 257 246
4 23 79 209 197
5 30 107 289 128 283
10 99 270 220 208 295 213 11 162 38 16
4 78 211 259 126
2 41 183
3 166 135 260
4 294 165 15 46
6 35 181 299 98 106 288
3 293 196 5
3 110 97 240
9 101 115 84 251 36 34 205 17 193
4 56 155 137 85
3 168 100 238
6 179 160 269 276 210 265
3 21 202 286
5 129 212 250 252 159
3 254 86 63
7 174 152 274 249 20 243 83
2 296 275
7 116 146 102 105 278 154 185
6 54 50 194 131 191 125
6 40 221 200 297 37 268
4 140 164 7 55
7 103 214 104 8 130 18 113
6 171 215 133 224 62 64
4 180 57 59 39
4 87 132 241 122
5 284 136 14 263 19
3 261 147 153
2 219 2
5 264 199 47 70 228
600 80
8 163 507 390 569 402 160 529 286
5 495 369 203 570 219
12 431 13 413 93 580 3 358 131 536 192 100 394
4 576 175 371 304
7 344 23 15 508 111 300 537
5 32 196 584 318 162
11 284 118 166 436 469 483 587 37 547 439 466
9 185 270 101 249 27 221 512 194 122
6 437 306 525 315 141 158
5 417 600 429 263 278
6 581 206 530 463 352 544
7 470 539 340 347 473 169 280
7 139 526 7 416 410 575 561
4 223 233 567 156
6 137 345 515 294 455 22
9 596 337 66 346 492 538 178 450 406
7 359 120 395 532 419 448 130
10 173 114 39 115 341 510 478 283 342 105
10 541 392 556 540 535 308 388 70 78 368
10 229 174 255 309 214 260 298 75 505 9
8 112 262 65 238 24 92 449 310
9 364 235 348 279 31 275 423 574 57
6 274 589 124 155 378 404
1 132
9 412 591 327 123 506 564 288 67 86
8 500 303 35 29 217 484 363 447
11 462 403 560 290 553 391 441 590 109 64 482
12 250 51 321 373 311 253 148 501 325 335 46 356
4 189 205 159 493
8 382 108 543 514 380 30 361 96
11 68 453 243 362 184 19 496 218 444 74 133
9 63 147 372 49 451 234 592 489 396
8 474 179 183 62 336 104 307 563
9 54 126 44 55 211 459 82 409 28
3 149 468 168
8 568 360 523 472 60 40 502 386
5 534 301 375 18 56
8 140 551 405 271 566 210 562 324
4 246 47 427 190
6 503 582 34 209 377 85
6 227 454 69 228 258 77
9 411 519 282 193 256 269 424 418 420
5 338 287 181 38 385
15 516 167 138 2 245 367 511 225 200 366 293 527 546 513 401
6 400 224 477 331 199 545
8 213 355 103 236 456 154 332 90
7 164 113 333 504 240 585 1
7 398 328 198 531 571 53 119
7 528 88 442 408 457 565 594
5 106 487 165 339 33
13 152 42 542 438 16 182 197 48 4 302 276 21 107
8 343 222 299 351 180 226 549 116
10 248 252 6 136 387 204 94 572 464 323
8 215 110 476 533 577 440 425 407
8 509 142 80 202 552 195 415 353
7 87 295 170 172 461 432 384
6 208 151 52 244 445 349
10 10 58 334 446 291 102 296 117 481 297
9 135 59 389 379 285 45 176 548 259
6 475 573 491 264 257 414
10 471 17 281 421 43 144 289 322 480 465
8 97 146 376 330 393 486 71 186
8 157 350 265 153 559 554 422 357
7 150 266 231 127 583 25 36
5 134 598 129 268 8
12 220 41 72 247 14 26 73 11 317 251 128 61
6 99 485 161 239 599 586
7 254 430 292 273 12 490 557
8 79 595 354 319 518 550 312 524
7 20 467 212 177 261 76 443
9 517 521 316 426 145 374 383 381 458
1 593
8 95 494 488 314 84 479 578 397
5 370 329 435 313 399
9 187 191 232 498 452 5 237 597 499
6 434 207 558 520 241 272
6 83 91 50 216 81 320
15 579 121 230 460 555 188 497 171 588 522 125 277 365 89 428
4 267 201 433 242
4 305 143 98 326
1000 100
7 776 483 153 880 494 792 306
7 255 53 697 592 984 957 87
16 379 324 328 52 137 27 279 449 784 538 452 978 11 960 265 14
6 940 165 806 345 421 539
7 931 526 765 943 17 339 823
10 72 642 287 651 897 981 396 58 534 366
12 856 918 777 297 814 22 808 43 512 201 886 475
8 197 693 967 877 601 826 707 953
13 622 76 802 867 186 363 821 258 710 961 444 163 820
10 678 727 511 639 576 247 317 566 575 587
10 801 395 596 789 356 650 432 615 4 879
5 735 207 355 854 559
8 364 296 537 924 505 97 519 285
6 298 902 671 498 816 277
12 419 166 226 217 303 900 211 337 253 24 758 471
7 142 214 912 357 970 520 134
8 885 749 73 408 884 377 48 485
9 761 499 541 952 893 129 445 491 501
12 15 312 518 182 156 451 847 159 915 152 920 910
10 402 427 116 798 583 109 333 720 593 222
13 354 724 619 617 796 155 319 719 701 585 320 906 374
15 446 280 347 37 367 962 716 205 102 383 603 571 362 148 747
6 371 751 624 917 705 399
6 302 810 238 70 966 135
8 380 20 815 696 850 554 733 871
10 594 959 90 195 861 558 348 731 164 666
18 690 532 227 234 853 620 229 93 16 397 388 948 568 208 368 19 278 934
10 167 586 873 469 282 158 67 878 995 376
9 130 548 307 857 914 220 685 774 161
11 621 189 365 9 264 2 403 996 855 141 875
10 192 171 641 782 245 894 721 663 994 954
5 849 600 623 704 10
9 752 768 827 598 922 465 21 630 718
11 778 415 616 1000 23 417 941 983 754 215 709
8 502 927 676 767 7 895 479 834
8 488 971 913 691 544 114 982 30
14 56 870 744 80 199 573 732 489 793 838 555 240 891 670
12 300 206 458 636 341 807 783 703 438 243 876 414
15 181 588 36 62 946 679 291 773 172 154 811 589 179 919 545
7 117 675 393 999 120 54 389
9 975 105 59 508 635 680 34 144 613
8 45 413 794 869 785 673 580 239
7 723 5 762 605 842 743 315
12 590 428 562 963 813 818 606 472 200 41 859 123
13 275 921 101 633 468 276 136 110 441 695 610 409 405
18 94 281 852 529 266 218 431 463 684 736 933 440 216 304 74 267 314 764
9 233 439 607 711 563 546 495 490 972
14 481 887 196 145 614 632 770 119 817 647 118 812 237 351
8 453 263 370 38 640 401 323 326
12 909 649 442 407 386 382 466 757 788 840 127 760
7 945 251 492 390 225 634 714
14 706 426 591 653 484 193 331 50 991 702 956 204 447 433
9 745 786 890 459 517 533 865 611 976
7 708 86 349 420 241 456 608
11 286 756 725 342 327 899 259 968 942 89 550
5 986 506 131 334 881
10 372 477 416 203 964 567 290 429 509 738
4 564 930 248 185
8 487 698 687 462 627 91 60 825
11 418 467 998 32 977 951 104 579 224 478 183
12 836 46 8 722 660 106 992 378 437 274 667 638
8 694 140 866 221 829 664 149 669
9 672 958 569 938 57 108 631 523 990
11 540 111 790 329 658 194 26 170 209 923 700
8 454 513 645 831 504 99 139 848
14 299 435 343 168 525 864 973 510 557 729 44 713 668 609
12 311 180 740 162 739 599 862 178 350 318 301 353
10 950 252 450 835 400 692 889 434 612 688
11 699 551 597 486 470 293 190 474 503 316 521
8 133 384 925 985 68 272 375 381
12 35 911 289 493 443 122 858 147 39 295 728 771
11 249 464 552 242 578 361 804 896 851 448 77
15 95 988 993 63 625 797 937 524 577 979 515 173 549 746 730
12 124 411 830 872 257 31 271 681 143 360 422 88
9 916 79 83 188 843 689 138 939 125
7 882 373 176 42 177 18 809
11 305 989 839 256 75 547 496 535 531 175 236
8 460 352 780 522 66 572 288 191
14 828 868 824 514 424 283 6 40 85 335 29 292 604 213
14 949 674 775 581 455 755 936 128 385 246 146 202 261 682
8 799 51 584 595 330 618 160 1
11 71 157 308 103 908 480 254 753 907 997 536
7 13 457 232 268 928 787 340
16 33 228 497 779 556 530 726 574 822 800 410 65 369 860 560 677
10 473 406 113 769 28 358 748 717 837 841
7 846 336 78 980 656 387 795
9 132 904 244 121 436 212 338 187 565
11 430 25 665 644 741 901 542 553 926 935 126
12 932 332 174 404 98 284 646 528 294 883 888 184
4 82 219 791 947
10 322 626 766 772 582 759 527 629 107 833
11 398 628 892 313 273 965 270 269 391 763 655
12 974 198 61 482 250 903 654 507 325 602 874 561
13 69 944 476 47 423 905 742 309 805 169 712 12 929
12 150 210 657 392 955 100 845 648 803 543 844 686
12 898 81 461 260 394 832 662 230 55 781 500 115
8 151 321 683 262 750 643 652 819
9 863 659 344 425 49 231 64 969 987
11 3 570 92 84 715 223 310 737 637 112 235
7 346 661 359 96 516 734 412
1000 1
1000 1 2 3 4 5 6 7 8 9 10 11 12 13 14 15 16 17 18 19 20 21 22 23 24 25 26 27 28 29 30 31 32 33 34 35 36 37 38 39 40 41 42 43 44 45 46 47 48 49 50 51 52 53 54 55 56 57 58 59 60 61 62 63 64 65 66 67 68 69 70 71 72 73 74 75 76 77 78 79 80 81 82 83 84 85 86 87 88 89 90 91 92 93 94 95 96 97 98 99 100 101 102 103 104 105 106 107 108 109 110 111 112 113 114 115 116 117 118 119 120 121 122 123 124 125 126 127 128 129 130 131 132 133 134 135 136 137 138 139 140 141 142 143 144 145 146 147 148 149 150 151 152 153 154 155 156 157 158 159 160 161 162 163 164 165 166 167 168 169 170 171 172 173 174 175 176 177 178 179 180 181 182 183 184 185 186 187 188 189 190 191 192 193 194 195 196 197 198 199 200 201 202 203 204 205 206 207 208 209 210 211 212 213 214 215 216 217 218 219 220 221 222 223 224 225 226 227 228 229 230 231 232 233 234 235 236 237 238 239 240 241 242 243 244 245 246 247 248 249 250 251 252 253 254 255 256 257 258 259 260 261 262 263 264 265 266 267 268 269 270 271 272 273 274 275 276 277 278 279 280 281 282 283 284 285 286 287 288 289 290 291 292 293 294 295 296 297 298 299 300 301 302 303 304 305 306 307 308 309 310 311 312 313 314 315 316 317 318 319 320 321 322 323 324 325 326 327 328 329 330 331 332 333 334 335 336 337 338 339 340 341 342 343 344 345 346 347 348 349 350 351 352 353 354 355 356 357 358 359 360 361 362 363 364 365 366 367 368 369 370 371 372 373 374 375 376 377 378 379 380 381 382 383 384 385 386 387 388 389 390 391 392 393 394 395 396 397 398 399 400 401 402 403 404 405 406 407 408 409 410 411 412 413 414 415 416 417 418 419 420 421 422 423 424 425 426 427 428 429 430 431 432 433 434 435 436 437 438 439 440 441 442 443 444 445 446 447 448 449 450 451 452 453 454 455 456 457 458 459 460 461 462 463 464 465 466 467 468 469 470 471 472 473 474 475 476 477 478 479 480 481 482 483 484 485 486 487 488 489 490 491 492 493 494 495 496 497 498 499 500 501 502 503 504 505 506 507 508 509 510 511 512 513 514 515 516 517 518 519 520 521 522 523 524 525 526 527 528 529 530 531 532 533 534 535 536 537 538 539 540 541 542 543 544 545 546 547 548 549 550 551 552 553 554 555 556 557 558 559 560 561 562 563 564 565 566 567 568 569 570 571 572 573 574 575 576 577 578 579 580 581 582 583 584 585 586 587 588 589 590 591 592 593 594 595 596 597 598 599 600 601 602 603 604 605 606 607 608 609 610 611 612 613 614 615 616 617 618 619 620 621 622 623 624 625 626 627 628 629 630 631 632 633 634 635 636 637 638 639 640 641 642 643 644 645 646 647 648 649 650 651 652 653 654 655 656 657 658 659 660 661 662 663 664 665 666 667 668 669 670 671 672 673 674 675 676 677 678 679 680 681 682 683 684 685 686 687 688 689 690 691 692 693 694 695 696 697 698 699 700 701 702 703 704 705 706 707 708 709 710 711 712 713 714 715 716 717 718 719 720 721 722 723 724 725 726 727 728 729 730 731 732 733 734 735 736 737 738 739 740 741 742 743 744 745 746 747 748 749 750 751 752 753 754 755 756 757 758 759 760 761 762 763 764 765 766 767 768 769 770 771 772 773 774 775 776 777 778 779 780 781 782 783 784 785 786 787 788 789 790 791 792 793 794 795 796 797 798 799 800 801 802 803 804 805 806 807 808 809 810 811 812 813 814 815 816 817 818 819 820 821 822 823 824 825 826 827 828 829 830 831 832 833 834 835 836 837 838 839 840 841 842 843 844 845 846 847 848 849 850 851 852 853 854 855 856 857 858 859 860 861 862 863 864 865 866 867 868 869 870 871 872 873 874 875 876 877 878 879 880 881 882 883 884 885 886 887 888 889 890 891 892 893 894 895 896 897 898 899 900 901 902 903 904 905 906 907 908 909 910 911 912 913 914 915 916 917 918 919 920 921 922 923 924 925 926 927 928 929 930 931 932 933 934 935 936 937 938 939 940 941 942 943 944 945 946 947 948 949 950 951 952 953 954 955 956 957 958 959 960 961 962 963 964 965 966 967 968 969 970 971 972 973 974 975 976 977 978 979 980 981 982 983 984 985 986 987 988 989 990 991 992 993 994 995 996 997 998 999 1000
1000 1
1000 1000 999 998 997 996 995 994 993 992 991 990 989 988 987 986 985 984 983 982 981 980 979 978 977 976 975 974 973 972 971 970 969 968 967 966 965 964 963 962 961 960 959 958 957 956 955 954 953 952 951 950 949 948 947 946 945 944 943 942 941 940 939 938 937 936 935 934 933 932 931 930 929 928 927 926 925 924 923 922 921 920 919 918 917 916 915 914 913 912 911 910 909 908 907 906 905 904 903 902 901 900 899 898 897 896 895 894 893 892 891 890 889 888 887 886 885 884 883 882 881 880 879 878 877 876 875 874 873 872 871 870 869 868 867 866 865 864 863 862 861 860 859 858 857 856 855 854 853 852 851 850 849 848 847 846 845 844 843 842 841 840 839 838 837 836 835 834 833 832 831 830 829 828 827 826 825 824 823 822 821 820 819 818 817 816 815 814 813 812 811 810 809 808 807 806 805 804 803 802 801 800 799 798 797 796 795 794 793 792 791 790 789 788 787 786 785 784 783 782 781 780 779 778 777 776 775 774 773 772 771 770 769 768 767 766 765 764 763 762 761 760 759 758 757 756 755 754 753 752 751 750 749 748 747 746 745 744 743 742 741 740 739 738 737 736 735 734 733 732 731 730 729 728 727 726 725 724 723 722 721 720 719 718 717 716 715 714 713 712 711 710 709 708 707 706 705 704 703 702 701 700 699 698 697 696 695 694 693 692 691 690 689 688 687 686 685 684 683 682 681 680 679 678 677 676 675 674 673 672 671 670 669 668 667 666 665 664 663 662 661 660 659 658 657 656 655 654 653 652 651 650 649 648 647 646 645 644 643 642 641 640 639 638 637 636 635 634 633 632 631 630 629 628 627 626 625 624 623 622 621 620 619 618 617 616 615 614 613 612 611 610 609 608 607 606 605 604 603 602 601 600 599 598 597 596 595 594 593 592 591 590 589 588 587 586 585 584 583 582 581 580 579 578 577 576 575 574 573 572 571 570 569 568 567 566 565 564 563 562 561 560 559 558 557 556 555 554 553 552 551 550 549 548 547 546 545 544 543 542 541 540 539 538 537 536 535 534 533 532 531 530 529 528 527 526 525 524 523 522 521 520 519 518 517 516 515 514 513 512 511 510 509 508 507 506 505 504 503 502 501 500 499 498 497 496 495 494 493 492 491 490 489 488 487 486 485 484 483 482 481 480 479 478 477 476 475 474 473 472 471 470 469 468 467 466 465 464 463 462 461 460 459 458 457 456 455 454 453 452 451 450 449 448 447 446 445 444 443 442 441 440 439 438 437 436 435 434 433 432 431 430 429 428 427 426 425 424 423 422 421 420 419 418 417 416 415 414 413 412 411 410 409 408 407 406 405 404 403 402 401 400 399 398 397 396 395 394 393 392 391 390 389 388 387 386 385 384 383 382 381 380 379 378 377 376 375 374 373 372 371 370 369 368 367 366 365 364 363 362 361 360 359 358 357 356 355 354 353 352 351 350 349 348 347 346 345 344 343 342 341 340 339 338 337 336 335 334 333 332 331 330 329 328 327 326 325 324 323 322 321 320 319 318 317 316 315 314 313 312 311 310 309 308 307 306 305 304 303 302 301 300 299 298 297 296 295 294 293 292 291 290 289 288 287 286 285 284 283 282 281 280 279 278 277 276 275 274 273 272 271 270 269 268 267 266 265 264 263 262 261 260 259 258 257 256 255 254 253 252 251 250 249 248 247 246 245 244 243 242 241 240 239 238 237 236 235 234 233 232 231 230 229 228 227 226 225 224 223 222 221 220 219 218 217 216 215 214 213 212 211 210 209 208 207 206 205 204 203 202 201 200 199 198 197 196 195 194 193 192 191 190 189 188 187 186 185 184 183 182 181 180 179 178 177 176 175 174 173 172 171 170 169 168 167 166 165 164 163 162 161 160 159 158 157 156 155 154 153 152 151 150 149 148 147 146 145 144 143 142 141 140 139 138 137 136 135 134 133 132 131 130 129 128 127 126 125 124 123 122 121 120 119 118 117 116 115 114 113 112 111 110 109 108 107 106 105 104 103 102 101 100 99 98 97 96 95 94 93 92 91 90 89 88 87 86 85 84 83 82 81 80 79 78 77 76 75 74 73 72 71 70 69 68 67 66 65 64 63 62 61 60 59 58 57 56 55 54 53 52 51 50 49 48 47 46 45 44 43 42 41 40 39 38 37 36 35 34 33 32 31 30 29 28 27 26 25 24 23 22 21 20 19 18 17 16 15 14 13 12 11 10 9 8 7 6 5 4 3 2 1
1000 1000
1 1
1 2
1 3
1 4
1 5
1 6
1 7
1 8
1 9
1 10
1 11
1 12
1 13
1 14
1 15
1 16
1 17
1 18
1 19
1 20
1 21
1 22
1 23
1 24
1 25
1 26
1 27
1 28
1 29
1 30
1 31
1 32
1 33
1 34
1 35
1 36
1 37
1 38
1 39
1 40
1 41
1 42
1 43
1 44
1 45
1 46
1 47
1 48
1 49
1 50
1 51
1 52
1 53
1 54
1 55
1 56
1 57
1 58
1 59
1 60
1 61
1 62
1 63
1 64
1 65
1 66
1 67
1 68
1 69
1 70
1 71
1 72
1 73
1 74
1 75
1 76
1 77
1 78
1 79
1 80
1 81
1 82
1 83
1 84
1 85
1 86
1 87
1 88
1 89
1 90
1 91
1 92
1 93
1 94
1 95
1 96
1 97
1 98
1 99
1 100
1 101
1 102
1 103
1 104
1 105
1 106
1 107
1 108
1 109
1 110
1 111
1 112
1 113
1 114
1 115
1 116
1 117
1 118
1 119
1 120
1 121
1 122
1 123
1 124
1 125
1 126
1 127
1 128
1 129
1 130
1 131
1 132
1 133
1 134
1 135
1 136
1 137
1 138
1 139
1 140
1 141
1 142
1 143
1 144
1 145
1 146
1 147
1 148
1 149
1 150
1 151
1 152
1 153
1 154
1 155
1 156
1 157
1 158
1 159
1 160
1 161
1 162
1 163
1 164
1 165
1 166
1 167
1 168
1 169
1 170
1 171
1 172
1 173
1 174
1 175
1 176
1 177
1 178
1 179
1 180
1 181
1 182
1 183
1 184
1 185
1 186
1 187
1 188
1 189
1 190
1 191
1 192
1 193
1 194
1 195
1 196
1 197
1 198
1 199
1 200
1 201
1 202
1 203
1 204
1 205
1 206
1 207
1 208
1 209
1 210
1 211
1 212
1 213
1 214
1 215
1 216
1 217
1 218
1 219
1 220
1 221
1 222
1 223
1 224
1 225
1 226
1 227
1 228
1 229
1 230
1 231
1 232
1 233
1 234
1 235
1 236
1 237
1 238
1 239
1 240
1 241
1 242
1 243
1 244
1 245
1 246
1 247
1 248
1 249
1 250
1 251
1 252
1 253
1 254
1 255
1 256
1 257
1 258
1 259
1 260
1 261
1 262
1 263
1 264
1 265
1 266
1 267
1 268
1 269
1 270
1 271
1 272
1 273
1 274
1 275
1 276
1 277
1 278
1 279
1 280
1 281
1 282
1 283
1 284
1 285
1 286
1 287
1 288
1 289
1 290
1 291
1 292
1 293
1 294
1 295
1 296
1 297
1 298
1 299
1 300
1 301
1 302
1 303
1 304
1 305
1 306
1 307
1 308
1 309
1 310
1 311
1 312
1 313
1 314
1 315
1 316
1 317
1 318
1 319
1 320
1 321
1 322
1 323
1 324
1 325
1 326
1 327
1 328
1 329
1 330
1 331
1 332
1 333
1 334
1 335
1 336
1 337
1 338
1 339
1 340
1 341
1 342
1 343
1 344
1 345
1 346
1 347
1 348
1 349
1 350
1 351
1 352
1 353
1 354
1 355
1 356
1 357
1 358
1 359
1 360
1 361
1 362
1 363
1 364
1 365
1 366
1 367
1 368
1 369
1 370
1 371
1 372
1 373
1 374
1 375
1 376
1 377
1 378
1 379
1 380
1 381
1 382
1 383
1 384
1 385
1 386
1 387
1 388
1 389
1 390
1 391
1 392
1 393
1 394
1 395
1 396
1 397
1 398
1 399
1 400
1 401
1 402
1 403
1 404
1 405
1 406
1 407
1 408
1 409
1 410
1 411
1 412
1 413
1 414
1 415
1 416
1 417
1 418
1 419
1 420
1 421
1 422
1 423
1 424
1 425
1 426
1 427
1 428
1 429
1 430
1 431
1 432
1 433
1 434
1 435
1 436
1 437
1 438
1 439
1 440
1 441
1 442
1 443
1 444
1 445
1 446
1 447
1 448
1 449
1 450
1 451
1 452
1 453
1 454
1 455
1 456
1 457
1 458
1 459
1 460
1 461
1 462
1 463
1 464
1 465
1 466
1 467
1 468
1 469
1 470
1 471
1 472
1 473
1 474
1 475
1 476
1 477
1 478
1 479
1 480
1 481
1 482
1 483
1 484
1 485
1 486
1 487
1 488
1 489
1 490
1 491
1 492
1 493
1 494
1 495
1 496
1 497
1 498
1 499
1 500
1 501
1 502
1 503
1 504
1 505
1 506
1 507
1 508
1 509
1 510
1 511
1 512
1 513
1 514
1 515
1 516
1 517
1 518
1 519
1 520
1 521
1 522
1 523
1 524
1 525
1 526
1 527
1 528
1 529
1 530
1 531
1 532
1 533
1 534
1 535
1 536
1 537
1 538
1 539
1 540
1 541
1 542
1 543
1 544
1 545
1 546
1 547
1 548
1 549
1 550
1 551
1 552
1 553
1 554
1 555
1 556
1 557
1 558
1 559
1 560
1 561
1 562
1 563
1 564
1 565
1 566
1 567
1 568
1 569
1 570
1 571
1 572
1 573
1 574
1 575
1 576
1 577
1 578
1 579
1 580
1 581
1 582
1 583
1 584
1 585
1 586
1 587
1 588
1 589
1 590
1 591
1 592
1 593
1 594
1 595
1 596
1 597
1 598
1 599
1 600
1 601
1 602
1 603
1 604
1 605
1 606
1 607
1 608
1 609
1 610
1 611
1 612
1 613
1 614
1 615
1 616
1 617
1 618
1 619
1 620
1 621
1 622
1 623
1 624
1 625
1 626
1 627
1 628
1 629
1 630
1 631
1 632
1 633
1 634
1 635
1 636
1 637
1 638
1 639
1 640
1 641
1 642
1 643
1 644
1 645
1 646
1 647
1 648
1 649
1 650
1 651
1 652
1 653
1 654
1 655
1 656
1 657
1 658
1 659
1 660
1 661
1 662
1 663
1 664
1 665
1 666
1 667
1 668
1 669
1 670
1 671
1 672
1 673
1 674
1 675
1 676
1 677
1 678
1 679
1 680
1 681
1 682
1 683
1 684
1 685
1 686
1 687
1 688
1 689
1 690
1 691
1 692
1 693
1 694
1 695
1 696
1 697
1 698
1 699
1 700
1 701
1 702
1 703
1 704
1 705
1 706
1 707
1 708
1 709
1 710
1 711
1 712
1 713
1 714
1 715
1 716
1 717
1 718
1 719
1 720
1 721
1 722
1 723
1 724
1 725
1 726
1 727
1 728
1 729
1 730
1 731
1 732
1 733
1 734
1 735
1 736
1 737
1 738
1 739
1 740
1 741
1 742
1 743
1 744
1 745
1 746
1 747
1 748
1 749
1 750
1 751
1 752
1 753
1 754
1 755
1 756
1 757
1 758
1 759
1 760
1 761
1 762
1 763
1 764
1 765
1 766
1 767
1 768
1 769
1 770
1 771
1 772
1 773
1 774
1 775
1 776
1 777
1 778
1 779
1 780
1 781
1 782
1 783
1 784
1 785
1 786
1 787
1 788
1 789
1 790
1 791
1 792
1 793
1 794
1 795
1 796
1 797
1 798
1 799
1 800
1 801
1 802
1 803
1 804
1 805
1 806
1 807
1 808
1 809
1 810
1 811
1 812
1 813
1 814
1 815
1 816
1 817
1 818
1 819
1 820
1 821
1 822
1 823
1 824
1 825
1 826
1 827
1 828
1 829
1 830
1 831
1 832
1 833
1 834
1 835
1 836
1 837
1 838
1 839
1 840
1 841
1 842
1 843
1 844
1 845
1 846
1 847
1 848
1 849
1 850
1 851
1 852
1 853
1 854
1 855
1 856
1 857
1 858
1 859
1 860
1 861
1 862
1 863
1 864
1 865
1 866
1 867
1 868
1 869
1 870
1 871
1 872
1 873
1 874
1 875
1 876
1 877
1 878
1 879
1 880
1 881
1 882
1 883
1 884
1 885
1 886
1 887
1 888
1 889
1 890
1 891
1 892
1 893
1 894
1 895
1 896
1 897
1 898
1 899
1 900
1 901
1 902
1 903
1 904
1 905
1 906
1 907
1 908
1 909
1 910
1 911
1 912
1 913
1 914
1 915
1 916
1 917
1 918
1 919
1 920
1 921
1 922
1 923
1 924
1 925
1 926
1 927
1 928
1 929
1 930
1 931
1 932
1 933
1 934
1 935
1 936
1 937
1 938
1 939
1 940
1 941
1 942
1 943
1 944
1 945
1 946
1 947
1 948
1 949
1 950
1 951
1 952
1 953
1 954
1 955
1 956
1 957
1 958
1 959
1 960
1 961
1 962
1 963
1 964
1 965
1 966
1 967
1 968
1 969
1 970
1 971
1 972
1 973
1 974
1 975
1 976
1 977
1 978
1 979
1 980
1 981
1 982
1 983
1 984
1 985
1 986
1 987
1 988
1 989
1 990
1 991
1 992
1 993
1 994
1 995
1 996
1 997
1 998
1 999
1 1000
1000 1000
1 1000
1 999
1 998
1 997
1 996
1 995
1 994
1 993
1 992
1 991
1 990
1 989
1 988
1 987
1 986
1 985
1 984
1 983
1 982
1 981
1 980
1 979
1 978
1 977
1 976
1 975
1 974
1 973
1 972
1 971
1 970
1 969
1 968
1 967
1 966
1 965
1 964
1 963
1 962
1 961
1 960
1 959
1 958
1 957
1 956
1 955
1 954
1 953
1 952
1 951
1 950
1 949
1 948
1 947
1 946
1 945
1 944
1 943
1 942
1 941
1 940
1 939
1 938
1 937
1 936
1 935
1 934
1 933
1 932
1 931
1 930
1 929
1 928
1 927
1 926
1 925
1 924
1 923
1 922
1 921
1 920
1 919
1 918
1 917
1 916
1 915
1 914
1 913
1 912
1 911
1 910
1 909
1 908
1 907
1 906
1 905
1 904
1 903
1 902
1 901
1 900
1 899
1 898
1 897
1 896
1 895
1 894
1 893
1 892
1 891
1 890
1 889
1 888
1 887
1 886
1 885
1 884
1 883
1 882
1 881
1 880
1 879
1 878
1 877
1 876
1 875
1 874
1 873
1 872
1 871
1 870
1 869
1 868
1 867
1 866
1 865
1 864
1 863
1 862
1 861
1 860
1 859
1 858
1 857
1 856
1 855
1 854
1 853
1 852
1 851
1 850
1 849
1 848
1 847
1 846
1 845
1 844
1 843
1 842
1 841
1 840
1 839
1 838
1 837
1 836
1 835
1 834
1 833
1 832
1 831
1 830
1 829
1 828
1 827
1 826
1 825
1 824
1 823
1 822
1 821
1 820
1 819
1 818
1 817
1 816
1 815
1 814
1 813
1 812
1 811
1 810
1 809
1 808
1 807
1 806
1 805
1 804
1 803
1 802
1 801
1 800
1 799
1 798
1 797
1 796
1 795
1 794
1 793
1 792
1 791
1 790
1 789
1 788
1 787
1 786
1 785
1 784
1 783
1 782
1 781
1 780
1 779
1 778
1 777
1 776
1 775
1 774
1 773
1 772
1 771
1 770
1 769
1 768
1 767
1 766
1 765
1 764
1 763
1 762
1 761
1 760
1 759
1 758
1 757
1 756
1 755
1 754
1 753
1 752
1 751
1 750
1 749
1 748
1 747
1 746
1 745
1 744
1 743
1 742
1 741
1 740
1 739
1 738
1 737
1 736
1 735
1 734
1 733
1 732
1 731
1 730
1 729
1 728
1 727
1 726
1 725
1 724
1 723
1 722
1 721
1 720
1 719
1 718
1 717
1 716
1 715
1 714
1 713
1 712
1 711
1 710
1 709
1 708
1 707
1 706
1 705
1 704
1 703
1 702
1 701
1 700
1 699
1 698
1 697
1 696
1 695
1 694
1 693
1 692
1 691
1 690
1 689
1 688
1 687
1 686
1 685
1 684
1 683
1 682
1 681
1 680
1 679
1 678
1 677
1 676
1 675
1 674
1 673
1 672
1 671
1 670
1 669
1 668
1 667
1 666
1 665
1 664
1 663
1 662
1 661
1 660
1 659
1 658
1 657
1 656
1 655
1 654
1 653
1 652
1 651
1 650
1 649
1 648
1 647
1 646
1 645
1 644
1 643
1 642
1 641
1 640
1 639
1 638
1 637
1 636
1 635
1 634
1 633
1 632
1 631
1 630
1 629
1 628
1 627
1 626
1 625
1 624
1 623
1 622
1 621
1 620
1 619
1 618
1 617
1 616
1 615
1 614
1 613
1 612
1 611
1 610
1 609
1 608
1 607
1 606
1 605
1 604
1 603
1 602
1 601
1 600
1 599
1 598
1 597
1 596
1 595
1 594
1 593
1 592
1 591
1 590
1 589
1 588
1 587
1 586
1 585
1 584
1 583
1 582
1 581
1 580
1 579
1 578
1 577
1 576
1 575
1 574
1 573
1 572
1 571
1 570
1 569
1 568
1 567
1 566
1 565
1 564
1 563
1 562
1 561
1 560
1 559
1 558
1 557
1 556
1 555
1 554
1 553
1 552
1 551
1 550
1 549
1 548
1 547
1 546
1 545
1 544
1 543
1 542
1 541
1 540
1 539
1 538
1 537
1 536
1 535
1 534
1 533
1 532
1 531
1 530
1 529
1 528
1 527
1 526
1 525
1 524
1 523
1 522
1 521
1 520
1 519
1 518
1 517
1 516
1 515
1 514
1 513
1 512
1 511
1 510
1 509
1 508
1 507
1 506
1 505
1 504
1 503
1 502
1 501
1 500
1 499
1 498
1 497
1 496
1 495
1 494
1 493
1 492
1 491
1 490
1 489
1 488
1 487
1 486
1 485
1 484
1 483
1 482
1 481
1 480
1 479
1 478
1 477
1 476
1 475
1 474
1 473
1 472
1 471
1 470
1 469
1 468
1 467
1 466
1 465
1 464
1 463
1 462
1 461
1 460
1 459
1 458
1 457
1 456
1 455
1 454
1 453
1 452
1 451
1 450
1 449
1 448
1 447
1 446
1 445
1 444
1 443
1 442
1 441
1 440
1 439
1 438
1 437
1 436
1 435
1 434
1 433
1 432
1 431
1 430
1 429
1 428
1 427
1 426
1 425
1 424
1 423
1 422
1 421
1 420
1 419
1 418
1 417
1 416
1 415
1 414
1 413
1 412
1 411
1 410
1 409
1 408
1 407
1 406
1 405
1 404
1 403
1 402
1 401
1 400
1 399
1 398
1 397
1 396
1 395
1 394
1 393
1 392
1 391
1 390
1 389
1 388
1 387
1 386
1 385
1 384
1 383
1 382
1 381
1 380
1 379
1 378
1 377
1 376
1 375
1 374
1 373
1 372
1 371
1 370
1 369
1 368
1 367
1 366
1 365
1 364
1 363
1 362
1 361
1 360
1 359
1 358
1 357
1 356
1 355
1 354
1 353
1 352
1 351
1 350
1 349
1 348
1 347
1 346
1 345
1 344
1 343
1 342
1 341
1 340
1 339
1 338
1 337
1 336
1 335
1 334
1 333
1 332
1 331
1 330
1 329
1 328
1 327
1 326
1 325
1 324
1 323
1 322
1 321
1 320
1 319
1 318
1 317
1 316
1 315
1 314
1 313
1 312
1 311
1 310
1 309
1 308
1 307
1 306
1 305
1 304
1 303
1 302
1 301
1 300
1 299
1 298
1 297
1 296
1 295
1 294
1 293
1 292
1 291
1 290
1 289
1 288
1 287
1 286
1 285
1 284
1 283
1 282
1 281
1 280
1 279
1 278
1 277
1 276
1 275
1 274
1 273
1 272
1 271
1 270
1 269
1 268
1 267
1 266
1 265
1 264
1 263
1 262
1 261
1 260
1 259
1 258
1 257
1 256
1 255
1 254
1 253
1 252
1 251
1 250
1 249
1 248
1 247
1 246
1 245
1 244
1 243
1 242
1 241
1 240
1 239
1 238
1 237
1 236
1 235
1 234
1 233
1 232
1 231
1 230
1 229
1 228
1 227
1 226
1 225
1 224
1 223
1 222
1 221
1 220
1 219
1 218
1 217
1 216
1 215
1 214
1 213
1 212
1 211
1 210
1 209
1 208
1 207
1 206
1 205
1 204
1 203
1 202
1 201
1 200
1 199
1 198
1 197
1 196
1 195
1 194
1 193
1 192
1 191
1 190
1 189
1 188
1 187
1 186
1 185
1 184
1 183
1 182
1 181
1 180
1 179
1 178
1 177
1 176
1 175
1 174
1 173
1 172
1 171
1 170
1 169
1 168
1 167
1 166
1 165
1 164
1 163
1 162
1 161
1 160
1 159
1 158
1 157
1 156
1 155
1 154
1 153
1 152
1 151
1 150
1 149
1 148
1 147
1 146
1 145
1 144
1 143
1 142
1 141
1 140
1 139
1 138
1 137
1 136
1 135
1 134
1 133
1 132
1 131
1 130
1 129
1 128
1 127
1 126
1 125
1 124
1 123
1 122
1 121
1 120
1 119
1 118
1 117
1 116
1 115
1 114
1 113
1 112
1 111
1 110
1 109
1 108
1 107
1 106
1 105
1 104
1 103
1 102
1 101
1 100
1 99
1 98
1 97
1 96
1 95
1 94
1 93
1 92
1 91
1 90
1 89
1 88
1 87
1 86
1 85
1 84
1 83
1 82
1 81
1 80
1 79
1 78
1 77
1 76
1 75
1 74
1 73
1 72
1 71
1 70
1 69
1 68
1 67
1 66
1 65
1 64
1 63
1 62
1 61
1 60
1 59
1 58
1 57
1 56
1 55
1 54
1 53
1 52
1 51
1 50
1 49
1 48
1 47
1 46
1 45
1 44
1 43
1 42
1 41
1 40
1 39
1 38
1 37
1 36
1 35
1 34
1 33
1 32
1 31
1 30
1 29
1 28
1 27
1 26
1 25
1 24
1 23
1 22
1 21
1 20
1 19
1 18
1 17
1 16
1 15
1 14
1 13
1 12
1 11
1 10
1 9
1 8
1 7
1 6
1 5
1 4
1 3
1 2
1 1
0 0