8 20
1 3 3 4 5 1 3 3
6 1 2 3 4 5 6
5 1 2 3 4 5
8 1 2 3 4 5 6 7 8
2 1 2
1 1
1 1
7 1 2 3 4 5 6 7
1 1
6 1 2 3 4 5 6
2 1 2
2 1 2
1 1
4 1 2 3 4
2 1 2
6 1 2 3 4 5 6
2 1 2
6 1 2 3 4 5 6
6 1 2 3 4 5 6
3 1 2 3
7 1 2 3 4 5 6 7
2 5
3 5
2 1 2
1 1
1 1
2 1 2
2 1 2
9 18
3 5 4 1 2 4 1 3 3
4 1 2 3 4
3 1 2 3
9 1 2 3 4 5 6 7 8 9
3 1 2 3
6 1 2 3 4 5 6
7 1 2 3 4 5 6 7
6 1 2 3 4 5 6
1 1
6 1 2 3 4 5 6
8 1 2 3 4 5 6 7 8
4 1 2 3 4
9 1 2 3 4 5 6 7 8 9
3 1 2 3
4 1 2 3 4
7 1 2 3 4 5 6 7
7 1 2 3 4 5 6 7
7 1 2 3 4 5 6 7
8 1 2 3 4 5 6 7 8
1 8
3
1 1
1 1
1 1
1 1
1 1
1 1
1 1
1 1
4 19
2 3 4 1
4 1 2 3 4
1 1
4 1 2 3 4
1 1
4 1 2 3 4
1 1
2 1 2
1 1
3 1 2 3
3 1 2 3
4 1 2 3 4
1 1
1 1
3 1 2 3
1 1
3 1 2 3
2 1 2
4 1 2 3 4
1 1
10 19
2 1 5 1 1 2 1 3 1 5
5 1 2 3 4 5
9 1 2 3 4 5 6 7 8 9
6 1 2 3 4 5 6
10 1 2 3 4 5 6 7 8 9 10
10 1 2 3 4 5 6 7 8 9 10
8 1 2 3 4 5 6 7 8
5 1 2 3 4 5
8 1 2 3 4 5 6 7 8
10 1 2 3 4 5 6 7 8 9 10
7 1 2 3 4 5 6 7
4 1 2 3 4
3 1 2 3
4 1 2 3 4
3 1 2 3
7 1 2 3 4 5 6 7
7 1 2 3 4 5 6 7
10 1 2 3 4 5 6 7 8 9 10
6 1 2 3 4 5 6
9 1 2 3 4 5 6 7 8 9
8 14
4 4 1 3 3 5 3 1
3 1 2 3
1 1
3 1 2 3
8 1 2 3 4 5 6 7 8
2 1 2
5 1 2 3 4 5
3 1 2 3
5 1 2 3 4 5
5 1 2 3 4 5
7 1 2 3 4 5 6 7
7 1 2 3 4 5 6 7
3 1 2 3
2 1 2
4 1 2 3 4
2 7
4 2
1 1
1 1
2 1 2
1 1
2 1 2
1 1
1 1
3 11
4 4 4
3 1 2 3
2 1 2
3 1 2 3
3 1 2 3
3 1 2 3
3 1 2 3
1 1
1 1
1 1
3 1 2 3
3 1 2 3
2 11
1 4
1 1
1 1
2 1 2
1 1
1 1
1 1
2 1 2
2 1 2
1 1
1 1
2 1 2
0 0