Case 1: No
Case 2: No
Case 3: No
Case 4: No
Case 5: No
Case 6: No
Case 7: No
Case 8: Yes
1 (664,703)
1 (816,884)
4 (278,316) (356,580) (588,580) (612,580)
1 (71,145)
1 (468,495)
2 (192,490) (588,557)
1 (163,434)
1 (17,29)
1 (39,62)
1 (431,510)
1 (277,280)
1 (199,409)
1 (213,225)
1 (345,355)
1 (155,314)
2 (49,277) (316,328)
1 (521,751)
1 (356,551)
1 (9,64)
4 (316,356) (401,555) (564,555) (588,555)
1 (316,390)
3 (468,507) (521,507) (524,507)
1 (719,895)
1 (696,702)
1 (524,665)
1 (545,780)
1 (256,267)
Case 9: No
Case 10: No
Case 11: Yes
1 (722,730)
1 (101,188)
1 (594,628)
1 (264,409)
1 (60,116)
1 (547,551)
1 (358,484)
1 (395,405)
1 (198,364)
1 (271,348)
1 (17,36)
1 (310,547)
1 (85,274)
1 (103,282)
1 (445,460)
1 (159,276)
1 (305,536)
1 (748,829)
1 (603,610)
1 (502,630)
4 (192,264) (271,352) (358,352) (395,352)
1 (640,655)
1 (684,752)
4 (31,198) (271,305) (395,487) (502,487)
1 (878,880)
1 (559,570)
4 (70,159) (177,192) (395,415) (445,415)
Case 12: Yes
6 (262,347) (736,829) (843,829) (854,829) (858,829) (872,829)
5 (172,243) (713,698) (733,698) (736,698) (756,698)
1 (649,702)
13 (320,420) (495,610) (736,778) (787,778) (843,778) (854,778) (858,778) (872,778) (886,778) (894,778) (905,778) (906,778) (938,778)
1 (126,185)
2 (172,246) (733,721)
1 (905,919)
1 (471,505)
2 (73,170) (231,339)
1 (672,758)
1 (787,821)
6 (258,309) (347,398) (756,734) (787,734) (843,734) (854,734)
1 (49,78)
1 (347,488)
1 (347,365)
1 (167,172)
3 (347,516) (736,642) (756,642)
2 (161,167) (170,175)
1 (495,580)
2 (495,690) (713,690)
1 (347,411)
1 (73,121)
5 (420,632) (633,632) (638,632) (642,632) (649,632)
1 (610,618)
5 (17,161) (610,649) (654,696) (713,696) (733,696)
3 (9,73) (172,320) (327,362)
Case 13: No
Case 14: No
Case 15: No
Case 16: Yes
1 (443,508)
1 (403,470)
3 (157,182) (201,213) (337,331)
1 (42,104)
1 (69,155)
2 (263,390) (399,390)
1 (578,580)
1 (219,276)
1 (500,563)
1 (800,868)
1 (78,86)
1 (399,507)
1 (902,910)
1 (21,73)
3 (182,227) (246,319) (337,351)
1 (552,580)
1 (511,579)
1 (297,299)
1 (313,333)
1 (641,652)
1 (594,608)
1 (263,355)
1 (83,201)
1 (227,297)
1 (386,500)
1 (655,689)
1 (534,595)
1 (201,209)
1 (319,560)
1 (519,567)
2 (552,596) (603,596)
1 (100,126)
3 (107,308) (313,308) (319,308)
1 (833,836)
1 (45,85)
1 (401,441)
1 (92,224)
1 (482,508)
2 (224,246) (297,383)
2 (169,275) (319,311)
1 (619,888)
1 (914,931)
1 (4,46)
8 (380,403) (428,482) (507,534) (578,642) (647,642) (652,642) (653,642) (655,642)
Case 17: Yes
1 (804,865)
1 (370,391)
3 (317,518) (610,666) (690,666)
1 (785,816)
1 (755,912)
2 (171,370) (378,381)
2 (200,282) (550,625)
1 (811,907)
3 (753,785) (811,843) (875,843)
4 (586,610) (625,685) (690,685) (753,685)
1 (200,222)
5 (103,119) (171,200) (378,574) (586,574) (610,574)
6 (97,138) (415,502) (550,558) (586,558) (610,558) (620,558)
1 (494,571)
5 (103,200) (208,224) (502,518) (550,585) (586,585)
1 (317,350)
2 (755,804) (875,906)
2 (625,773) (785,773)
2 (119,171) (208,455)
5 (138,200) (271,362) (378,370) (415,370) (518,416)
Case 18: No
Case 19: No
Case 20: No
Case 21: No
Case 22: No
Case 23: No
Case 24: Yes
1 (139,161)
3 (74,160) (599,705) (742,717)
1 (23,24)
3 (425,567) (580,567) (588,567)
4 (160,316) (326,316) (698,671) (730,671)
1 (216,250)
1 (42,81)
1 (819,857)
1 (425,671)
1 (145,156)
2 (393,406) (555,559)
1 (171,436)
2 (326,343) (742,766)
1 (406,508)
1 (81,199)
1 (160,322)
2 (343,470) (479,474)
1 (588,786)
2 (326,393) (555,774)
Case 25: Yes
1 (494,666)
1 (455,656)
Case 26: Yes
1 (597,881)
1 (365,528)
Case 27: Yes
1 (539,553)
1 (770,783)
1 (349,581)
1 (0,180)
1 (48,246)
1 (284,303)
1 (202,209)
1 (345,480)
1 (19,20)
1 (174,388)
1 (542,820)
1 (151,222)
1 (294,392)
Case 28: Yes
1 (208,394)
1 (315,455)
1 (183,186)
1 (361,486)
1 (726,744)
1 (567,568)
1 (121,311)
1 (53,236)
Case 29: No
Case 30: No
Case 31: No
Case 32: No
Case 33: No
Case 34: Yes
1 (750,791)
1 (792,812)
5 (345,442) (463,463) (534,488) (538,488) (542,488)
1 (46,48)
1 (129,140)
1 (713,790)
1 (437,538)
1 (18,26)
7 (124,178) (217,244) (270,300) (345,437) (442,509) (538,555) (596,555)
1 (67,218)
1 (177,203)
1 (52,323)
1 (300,413)
9 (5,73) (217,321) (683,712) (750,817) (824,817) (830,817) (846,817) (849,817) (867,817)
7 (217,244) (345,413) (765,834) (846,834) (849,834) (867,834) (870,834)
1 (509,580)
3 (66,124) (321,345) (390,471)
4 (73,177) (201,323) (324,323) (345,323)
5 (542,698) (797,915) (932,915) (951,915) (971,915)
1 (300,368)
1 (178,239)
1 (646,686)
1 (877,893)
1 (244,279)
1 (61,63)
1 (712,745)
1 (792,796)
3 (463,509) (849,878) (893,878)
4 (413,437) (463,487) (509,487) (520,487)
1 (542,762)
5 (542,750) (893,898) (912,898) (932,898) (951,898)
8 (542,646) (683,713) (722,855) (867,855) (870,855) (877,855) (893,855) (912,855)
1 (21,24)
1 (442,455)
1 (413,544)
Case 35: No
Case 36: No
Case 37: Yes
1 (24,71)
1 (298,509)
1 (332,610)
1 (10,93)
Case 38: No
Case 39: No
Case 40: Yes
1 (781,857)
7 (200,315) (330,358) (611,644) (741,741) (749,741) (750,741) (755,741)
1 (718,745)
1 (697,705)
1 (345,451)
1 (0,26)
1 (330,413)
1 (117,358)
1 (505,524)
8 (299,392) (441,482) (611,648) (656,648) (666,648) (667,648) (670,648) (676,648)
1 (633,634)
2 (285,345) (358,400)
1 (250,289)
3 (27,54) (614,655) (656,655)
2 (315,330) (358,443)
1 (468,594)
1 (56,284)
2 (392,612) (614,612)
2 (154,330) (413,436)
1 (644,749)
1 (871,884)
1 (54,173)
1 (436,700)
1 (6,151)
3 (8,73) (656,667) (676,787)
11 (48,56) (188,250) (257,299) (441,557) (697,643) (711,643) (719,644) (741,653) (749,653) (750,653) (755,653)
2 (358,464) (468,464)
1 (732,830)
1 (482,489)
3 (188,200) (486,505) (515,537)
1 (530,568)
1 (841,843)
1 (20,173)
1 (530,599)
13 (73,117) (149,250) (530,652) (656,652) (666,652) (667,652) (670,652) (676,652) (697,652) (711,652) (718,652) (719,652) (732,652)
1 (667,719)
1 (816,888)
Case 41: No
Case 42: No
Case 43: No
Case 44: No
Case 45: No
Case 46: No
Case 47: No
Case 48: No
Case 49: No
Case 50: No
