 1.              tA   4   4   1   1   0  33.33
                 tB   4   4   1   1   0  33.33
 3.              tC   4   4   0   0   0  33.33
                 td   4   4   0   0   0  33.33
                 tE   4   4   0   0   0  33.33
 6.              tF   0   0   0   0   0    N/A

 1.        Botafogo   6   2   6   4   2 100.00
 2.        Flamengo   0   2   4   6  -2   0.00

 1.              tA   4   4   0   0   0  33.33
                 tB   4   4   0   0   0  33.33
                 tC   4   4   0   0   0  33.33
                 tD   4   4   0   0   0  33.33
                 tE   4   4   0   0   0  33.33

 1. Quinze-Novembro   3   1   6   0   6 100.00
 2.     Santo-Andre   3   1   2   0   2 100.00
 3.        Flamengo   0   2   0   8  -8   0.00