133 10
405 2
64 8
744 13
457 6
1111 9
316 4
341 13
192 3
714 14
888 12
919 4
80 12
394 3
559 1
130 12
180 2
524 1
806 4
31 5
550 10
1110 5
1015 6
247 4
137 4
1090 8
496 6
584 12
585 11
1085 5
820 1
71 14
424 11
547 10
701 5
68 6
541 3
842 11
128 14
146 13
561 12
1056 11
670 5
110 12
799 11
287 8
412 5
460 5
868 10
619 10
1003 7
263 5
629 5
266 12
926 7
334 8
1073 8
102 1
435 10
648 14
345 10
604 7
60 4
687 8
692 7
1040 6
768 7
320 9
331 2
432 1
571 1
827 1
1053 14
333 9
261 14
630 1
902 2
699 12
821 10
246 8
1079 6
904 9
593 3
852 8
1119 10
763 6
129 13
316 12
515 5
391 5
268 14
161 2
653 11
985 9
458 13
899 1
911 13
592 3
1048 14
633 8
0 0
