5
4
1 4 47
4 2 13
3 2 15
5 3 4
8
12
1 2 745
1 7 998
2 8 177
1 3 129
1 4 157
5 8 124
1 5 487
1 6 999
3 8 478
4 8 145
6 8 854
7 8 768
4
4
4 2 65
1 2 25
3 4 74
1 3 58
10
13
1 7 158
2 7 999
3 10 998
4 5 997
5 9 996
5 3 995
1 8 994
9 10 993
5 2 992
1 6 999
2 6 999
2 8 999
4 10 998
5
10
4 3 895
3 5 485
4 5 217
5 1 785
3 2 147
5 2 856
4 2 175
1 2 578
1 3 745
4 1 145
6
8
1 2 1
2 3 1
3 6 1
1 4 100
4 5 100
5 6 100
1 3 10
2 6 10
2
1
1 2 999
3
3
1 3 10
2 1 20
3 2 50
9
12
1 2 10
1 3 10
1 4 10
2 5 10
3 5 10
4 5 10
5 7 10
6 7 10
7 8 10
6 9 10
7 9 10
8 9 10
0
