7.70
6.83
16.60
3.68
9.30
11.00
5.86
3.70
9.61
17.19
15.43
4.20
6.84
15.43
22.40
4.80
14.47
17.13
4.23
6.41
0.10
16.18
10.23
9.63
8.50
3.00
12.60
1.90
57.20
5.42
7.33
6.00
2.90
3.77
9.45
18.38
0.90
7.86
12.98
15.68
27.57
7.36
10.67
7.41
7.30
6.55
6.83
8.16
8.20
6.81
3.82
6.00
33.15
9.77
8.03
15.10
2.30
3.56
8.63
11.22
12.50
7.05
14.76
17.76
4.92
8.10
21.00
11.75
0.30
12.64
15.50
8.05
7.18
5.60
3.47
14.20
17.73
47.80
13.84
23.60
48.20
7.85
7.30
5.77
3.65
4.17
5.43
10.15
15.90
14.65
15.36
12.15
7.33
17.03
13.83
41.00
3.23
12.32
12.43
33.00
