4
0 0
9 0
9 18
0 18
12
1 0
2 0
2 1
3 1
3 2
2 2
2 3
1 3
1 2
0 2
0 1
1 1
8
0 0
0 1
1 1
1 -1
-2 -1
-2 1
-1 1
-1 0
4
-1000000000 -1000000000
-1000000000 1000000000
1000000000 1000000000
1000000000 -1000000000
6
0 0
-1000000000 0
-1000000000 1000000000
1000000000 1000000000
1000000000 -1000000000
0 -1000000000
8
0 0
-4 0
-4 -1
-3 -1
-3 -3
-1 -3
-1 -4
0 -4
8
0 0
4 0
4 -1
3 -1
3 -3
1 -3
1 -4
0 -4
8
0 0
-4 0
-4 1
-3 1
-3 3
-1 3
-1 4
0 4
8
0 0
4 0
4 1
3 1
3 3
1 3
1 4
0 4
12
0 0
5 0
5 3
3 3
3 2
4 2
4 1
1 1
1 2
2 2
2 3
0 3
8
3 0
5 0
5 2
4 2
4 4
0 4
0 2
3 2
8
3 0
5 0
5 3
4 3
4 5
0 5
0 2
3 2
12
0 0
2 0
2 1
3 1
3 2
4 2
4 4
2 4
2 3
1 3
1 2
0 2
14
2 0
5 0
5 5
0 5
0 2
1 2
1 3
2 3
2 4
4 4
4 2
3 2
3 1
2 1
8
0 0
0 -1
1 -1
1 2
0 2
0 1
-1 1
-1 0
8
0 0
1 0
1 2
0 2
0 3
-1 3
-1 1
0 1
10
1 0
3 0
3 1
2 1
2 3
1 3
1 2
0 2
0 1
1 1
24
2 -1
2 1
3 1
3 2
2 2
2 3
1 3
1 2
-1 2
-1 3
-3 3
-3 1
-2 1
-2 -1
-3 -1
-3 -2
-2 -2
-2 -3
-1 -3
-1 -2
1 -2
1 -3
3 -3
3 -1
12
1 0
1 2
0 2
0 1
-2 1
-2 0
-1 0
-1 -2
0 -2
0 -1
2 -1
2 0
20
2 0
2 2
1 2
1 1
0 1
0 2
-2 2
-2 1
-1 1
-1 0
-2 0
-2 -2
-1 -2
-1 -1
0 -1
0 -2
2 -2
2 -1
1 -1
1 0
28
2 0
2 4
-4 4
-4 3
1 3
1 1
0 1
0 2
-4 2
-4 -4
-3 -4
-3 1
-1 1
-1 0
-2 0
-2 -4
4 -4
4 -3
-1 -3
-1 -1
0 -1
0 -2
4 -2
4 4
3 4
3 -1
1 -1
1 0
36
2 0
2 4
-6 4
-6 -6
-5 -6
-5 3
1 3
1 1
0 1
0 2
-4 2
-4 -6
6 -6
6 -5
-3 -5
-3 1
-1 1
-1 0
-2 0
-2 -4
6 -4
6 6
5 6
5 -3
-1 -3
-1 -1
0 -1
0 -2
4 -2
4 6
-6 6
-6 5
3 5
3 -1
1 -1
1 0
44
2 0
2 4
-6 4
-6 -8
8 -8
8 -7
-5 -7
-5 3
1 3
1 1
0 1
0 2
-4 2
-4 -6
8 -6
8 8
7 8
7 -5
-3 -5
-3 1
-1 1
-1 0
-2 0
-2 -4
6 -4
6 8
-8 8
-8 7
5 7
5 -3
-1 -3
-1 -1
0 -1
0 -2
4 -2
4 6
-8 6
-8 -8
-7 -8
-7 5
3 5
3 -1
1 -1
1 0
52
2 0
2 4
-6 4
-6 -8
10 -8
10 10
9 10
9 -7
-5 -7
-5 3
1 3
1 1
0 1
0 2
-4 2
-4 -6
8 -6
8 10
-10 10
-10 9
7 9
7 -5
-3 -5
-3 1
-1 1
-1 0
-2 0
-2 -4
6 -4
6 8
-10 8
-10 -10
-9 -10
-9 7
5 7
5 -3
-1 -3
-1 -1
0 -1
0 -2
4 -2
4 6
-8 6
-8 -10
10 -10
10 -9
-7 -9
-7 5
3 5
3 -1
1 -1
1 0
60
2 0
2 4
-6 4
-6 -8
10 -8
10 12
-12 12
-12 11
9 11
9 -7
-5 -7
-5 3
1 3
1 1
0 1
0 2
-4 2
-4 -6
8 -6
8 10
-12 10
-12 -12
-11 -12
-11 9
7 9
7 -5
-3 -5
-3 1
-1 1
-1 0
-2 0
-2 -4
6 -4
6 8
-10 8
-10 -12
12 -12
12 -11
-9 -11
-9 7
5 7
5 -3
-1 -3
-1 -1
0 -1
0 -2
4 -2
4 6
-8 6
-8 -10
12 -10
12 12
11 12
11 -9
-7 -9
-7 5
3 5
3 -1
1 -1
1 0
68
2 0
2 4
-6 4
-6 -8
10 -8
10 12
-14 12
-14 -14
-13 -14
-13 11
9 11
9 -7
-5 -7
-5 3
1 3
1 1
0 1
0 2
-4 2
-4 -6
8 -6
8 10
-12 10
-12 -14
14 -14
14 -13
-11 -13
-11 9
7 9
7 -5
-3 -5
-3 1
-1 1
-1 0
-2 0
-2 -4
6 -4
6 8
-10 8
-10 -12
14 -12
14 14
13 14
13 -11
-9 -11
-9 7
5 7
5 -3
-1 -3
-1 -1
0 -1
0 -2
4 -2
4 6
-8 6
-8 -10
12 -10
12 14
-14 14
-14 13
11 13
11 -9
-7 -9
-7 5
3 5
3 -1
1 -1
1 0
76
2 0
2 4
-6 4
-6 -8
10 -8
10 12
-14 12
-14 -16
16 -16
16 -15
-13 -15
-13 11
9 11
9 -7
-5 -7
-5 3
1 3
1 1
0 1
0 2
-4 2
-4 -6
8 -6
8 10
-12 10
-12 -14
16 -14
16 16
15 16
15 -13
-11 -13
-11 9
7 9
7 -5
-3 -5
-3 1
-1 1
-1 0
-2 0
-2 -4
6 -4
6 8
-10 8
-10 -12
14 -12
14 16
-16 16
-16 15
13 15
13 -11
-9 -11
-9 7
5 7
5 -3
-1 -3
-1 -1
0 -1
0 -2
4 -2
4 6
-8 6
-8 -10
12 -10
12 14
-16 14
-16 -16
-15 -16
-15 13
11 13
11 -9
-7 -9
-7 5
3 5
3 -1
1 -1
1 0
84
2 0
2 4
-6 4
-6 -8
10 -8
10 12
-14 12
-14 -16
18 -16
18 18
17 18
17 -15
-13 -15
-13 11
9 11
9 -7
-5 -7
-5 3
1 3
1 1
0 1
0 2
-4 2
-4 -6
8 -6
8 10
-12 10
-12 -14
16 -14
16 18
-18 18
-18 17
15 17
15 -13
-11 -13
-11 9
7 9
7 -5
-3 -5
-3 1
-1 1
-1 0
-2 0
-2 -4
6 -4
6 8
-10 8
-10 -12
14 -12
14 16
-18 16
-18 -18
-17 -18
-17 15
13 15
13 -11
-9 -11
-9 7
5 7
5 -3
-1 -3
-1 -1
0 -1
0 -2
4 -2
4 6
-8 6
-8 -10
12 -10
12 14
-16 14
-16 -18
18 -18
18 -17
-15 -17
-15 13
11 13
11 -9
-7 -9
-7 5
3 5
3 -1
1 -1
1 0
92
2 0
2 4
-6 4
-6 -8
10 -8
10 12
-14 12
-14 -16
18 -16
18 20
-20 20
-20 19
17 19
17 -15
-13 -15
-13 11
9 11
9 -7
-5 -7
-5 3
1 3
1 1
0 1
0 2
-4 2
-4 -6
8 -6
8 10
-12 10
-12 -14
16 -14
16 18
-20 18
-20 -20
-19 -20
-19 17
15 17
15 -13
-11 -13
-11 9
7 9
7 -5
-3 -5
-3 1
-1 1
-1 0
-2 0
-2 -4
6 -4
6 8
-10 8
-10 -12
14 -12
14 16
-18 16
-18 -20
20 -20
20 -19
-17 -19
-17 15
13 15
13 -11
-9 -11
-9 7
5 7
5 -3
-1 -3
-1 -1
0 -1
0 -2
4 -2
4 6
-8 6
-8 -10
12 -10
12 14
-16 14
-16 -18
20 -18
20 20
19 20
19 -17
-15 -17
-15 13
11 13
11 -9
-7 -9
-7 5
3 5
3 -1
1 -1
1 0
100
2 0
2 4
-6 4
-6 -8
10 -8
10 12
-14 12
-14 -16
18 -16
18 20
-22 20
-22 -22
-21 -22
-21 19
17 19
17 -15
-13 -15
-13 11
9 11
9 -7
-5 -7
-5 3
1 3
1 1
0 1
0 2
-4 2
-4 -6
8 -6
8 10
-12 10
-12 -14
16 -14
16 18
-20 18
-20 -22
22 -22
22 -21
-19 -21
-19 17
15 17
15 -13
-11 -13
-11 9
7 9
7 -5
-3 -5
-3 1
-1 1
-1 0
-2 0
-2 -4
6 -4
6 8
-10 8
-10 -12
14 -12
14 16
-18 16
-18 -20
22 -20
22 22
21 22
21 -19
-17 -19
-17 15
13 15
13 -11
-9 -11
-9 7
5 7
5 -3
-1 -3
-1 -1
0 -1
0 -2
4 -2
4 6
-8 6
-8 -10
12 -10
12 14
-16 14
-16 -18
20 -18
20 22
-22 22
-22 21
19 21
19 -17
-15 -17
-15 13
11 13
11 -9
-7 -9
-7 5
3 5
3 -1
1 -1
1 0
10
1 0
1 2
-2 2
-2 -2
1 -2
1 -1
-1 -1
-1 1
0 1
0 0
12
1 0
1 2
-2 2
-2 -2
3 -2
3 2
2 2
2 -1
-1 -1
-1 1
0 1
0 0
14
1 0
1 2
-2 2
-2 -2
3 -2
3 4
-2 4
-2 3
2 3
2 -1
-1 -1
-1 1
0 1
0 0
16
1 0
1 2
-2 2
-2 -2
3 -2
3 4
-4 4
-4 -2
-3 -2
-3 3
2 3
2 -1
-1 -1
-1 1
0 1
0 0
18
1 0
1 2
-2 2
-2 -2
3 -2
3 4
-4 4
-4 -4
3 -4
3 -3
-3 -3
-3 3
2 3
2 -1
-1 -1
-1 1
0 1
0 0
20
1 0
1 2
-2 2
-2 -2
3 -2
3 4
-4 4
-4 -4
5 -4
5 4
4 4
4 -3
-3 -3
-3 3
2 3
2 -1
-1 -1
-1 1
0 1
0 0
22
1 0
1 2
-2 2
-2 -2
3 -2
3 4
-4 4
-4 -4
5 -4
5 6
-4 6
-4 5
4 5
4 -3
-3 -3
-3 3
2 3
2 -1
-1 -1
-1 1
0 1
0 0
24
1 0
1 2
-2 2
-2 -2
3 -2
3 4
-4 4
-4 -4
5 -4
5 6
-6 6
-6 -4
-5 -4
-5 5
4 5
4 -3
-3 -3
-3 3
2 3
2 -1
-1 -1
-1 1
0 1
0 0
26
1 0
1 2
-2 2
-2 -2
3 -2
3 4
-4 4
-4 -4
5 -4
5 6
-6 6
-6 -6
5 -6
5 -5
-5 -5
-5 5
4 5
4 -3
-3 -3
-3 3
2 3
2 -1
-1 -1
-1 1
0 1
0 0
28
1 0
1 2
-2 2
-2 -2
3 -2
3 4
-4 4
-4 -4
5 -4
5 6
-6 6
-6 -6
7 -6
7 6
6 6
6 -5
-5 -5
-5 5
4 5
4 -3
-3 -3
-3 3
2 3
2 -1
-1 -1
-1 1
0 1
0 0
30
1 0
1 2
-2 2
-2 -2
3 -2
3 4
-4 4
-4 -4
5 -4
5 6
-6 6
-6 -6
7 -6
7 8
-6 8
-6 7
6 7
6 -5
-5 -5
-5 5
4 5
4 -3
-3 -3
-3 3
2 3
2 -1
-1 -1
-1 1
0 1
0 0
32
1 0
1 2
-2 2
-2 -2
3 -2
3 4
-4 4
-4 -4
5 -4
5 6
-6 6
-6 -6
7 -6
7 8
-8 8
-8 -6
-7 -6
-7 7
6 7
6 -5
-5 -5
-5 5
4 5
4 -3
-3 -3
-3 3
2 3
2 -1
-1 -1
-1 1
0 1
0 0
34
1 0
1 2
-2 2
-2 -2
3 -2
3 4
-4 4
-4 -4
5 -4
5 6
-6 6
-6 -6
7 -6
7 8
-8 8
-8 -8
7 -8
7 -7
-7 -7
-7 7
6 7
6 -5
-5 -5
-5 5
4 5
4 -3
-3 -3
-3 3
2 3
2 -1
-1 -1
-1 1
0 1
0 0
36
1 0
1 2
-2 2
-2 -2
3 -2
3 4
-4 4
-4 -4
5 -4
5 6
-6 6
-6 -6
7 -6
7 8
-8 8
-8 -8
9 -8
9 8
8 8
8 -7
-7 -7
-7 7
6 7
6 -5
-5 -5
-5 5
4 5
4 -3
-3 -3
-3 3
2 3
2 -1
-1 -1
-1 1
0 1
0 0
38
1 0
1 2
-2 2
-2 -2
3 -2
3 4
-4 4
-4 -4
5 -4
5 6
-6 6
-6 -6
7 -6
7 8
-8 8
-8 -8
9 -8
9 10
-8 10
-8 9
8 9
8 -7
-7 -7
-7 7
6 7
6 -5
-5 -5
-5 5
4 5
4 -3
-3 -3
-3 3
2 3
2 -1
-1 -1
-1 1
0 1
0 0
40
1 0
1 2
-2 2
-2 -2
3 -2
3 4
-4 4
-4 -4
5 -4
5 6
-6 6
-6 -6
7 -6
7 8
-8 8
-8 -8
9 -8
9 10
-10 10
-10 -8
-9 -8
-9 9
8 9
8 -7
-7 -7
-7 7
6 7
6 -5
-5 -5
-5 5
4 5
4 -3
-3 -3
-3 3
2 3
2 -1
-1 -1
-1 1
0 1
0 0
42
1 0
1 2
-2 2
-2 -2
3 -2
3 4
-4 4
-4 -4
5 -4
5 6
-6 6
-6 -6
7 -6
7 8
-8 8
-8 -8
9 -8
9 10
-10 10
-10 -10
9 -10
9 -9
-9 -9
-9 9
8 9
8 -7
-7 -7
-7 7
6 7
6 -5
-5 -5
-5 5
4 5
4 -3
-3 -3
-3 3
2 3
2 -1
-1 -1
-1 1
0 1
0 0
44
1 0
1 2
-2 2
-2 -2
3 -2
3 4
-4 4
-4 -4
5 -4
5 6
-6 6
-6 -6
7 -6
7 8
-8 8
-8 -8
9 -8
9 10
-10 10
-10 -10
11 -10
11 10
10 10
10 -9
-9 -9
-9 9
8 9
8 -7
-7 -7
-7 7
6 7
6 -5
-5 -5
-5 5
4 5
4 -3
-3 -3
-3 3
2 3
2 -1
-1 -1
-1 1
0 1
0 0
46
1 0
1 2
-2 2
-2 -2
3 -2
3 4
-4 4
-4 -4
5 -4
5 6
-6 6
-6 -6
7 -6
7 8
-8 8
-8 -8
9 -8
9 10
-10 10
-10 -10
11 -10
11 12
-10 12
-10 11
10 11
10 -9
-9 -9
-9 9
8 9
8 -7
-7 -7
-7 7
6 7
6 -5
-5 -5
-5 5
4 5
4 -3
-3 -3
-3 3
2 3
2 -1
-1 -1
-1 1
0 1
0 0
48
1 0
1 2
-2 2
-2 -2
3 -2
3 4
-4 4
-4 -4
5 -4
5 6
-6 6
-6 -6
7 -6
7 8
-8 8
-8 -8
9 -8
9 10
-10 10
-10 -10
11 -10
11 12
-12 12
-12 -10
-11 -10
-11 11
10 11
10 -9
-9 -9
-9 9
8 9
8 -7
-7 -7
-7 7
6 7
6 -5
-5 -5
-5 5
4 5
4 -3
-3 -3
-3 3
2 3
2 -1
-1 -1
-1 1
0 1
0 0
50
1 0
1 2
-2 2
-2 -2
3 -2
3 4
-4 4
-4 -4
5 -4
5 6
-6 6
-6 -6
7 -6
7 8
-8 8
-8 -8
9 -8
9 10
-10 10
-10 -10
11 -10
11 12
-12 12
-12 -12
11 -12
11 -11
-11 -11
-11 11
10 11
10 -9
-9 -9
-9 9
8 9
8 -7
-7 -7
-7 7
6 7
6 -5
-5 -5
-5 5
4 5
4 -3
-3 -3
-3 3
2 3
2 -1
-1 -1
-1 1
0 1
0 0
52
1 0
1 2
-2 2
-2 -2
3 -2
3 4
-4 4
-4 -4
5 -4
5 6
-6 6
-6 -6
7 -6
7 8
-8 8
-8 -8
9 -8
9 10
-10 10
-10 -10
11 -10
11 12
-12 12
-12 -12
13 -12
13 12
12 12
12 -11
-11 -11
-11 11
10 11
10 -9
-9 -9
-9 9
8 9
8 -7
-7 -7
-7 7
6 7
6 -5
-5 -5
-5 5
4 5
4 -3
-3 -3
-3 3
2 3
2 -1
-1 -1
-1 1
0 1
0 0
54
1 0
1 2
-2 2
-2 -2
3 -2
3 4
-4 4
-4 -4
5 -4
5 6
-6 6
-6 -6
7 -6
7 8
-8 8
-8 -8
9 -8
9 10
-10 10
-10 -10
11 -10
11 12
-12 12
-12 -12
13 -12
13 14
-12 14
-12 13
12 13
12 -11
-11 -11
-11 11
10 11
10 -9
-9 -9
-9 9
8 9
8 -7
-7 -7
-7 7
6 7
6 -5
-5 -5
-5 5
4 5
4 -3
-3 -3
-3 3
2 3
2 -1
-1 -1
-1 1
0 1
0 0
56
1 0
1 2
-2 2
-2 -2
3 -2
3 4
-4 4
-4 -4
5 -4
5 6
-6 6
-6 -6
7 -6
7 8
-8 8
-8 -8
9 -8
9 10
-10 10
-10 -10
11 -10
11 12
-12 12
-12 -12
13 -12
13 14
-14 14
-14 -12
-13 -12
-13 13
12 13
12 -11
-11 -11
-11 11
10 11
10 -9
-9 -9
-9 9
8 9
8 -7
-7 -7
-7 7
6 7
6 -5
-5 -5
-5 5
4 5
4 -3
-3 -3
-3 3
2 3
2 -1
-1 -1
-1 1
0 1
0 0
58
1 0
1 2
-2 2
-2 -2
3 -2
3 4
-4 4
-4 -4
5 -4
5 6
-6 6
-6 -6
7 -6
7 8
-8 8
-8 -8
9 -8
9 10
-10 10
-10 -10
11 -10
11 12
-12 12
-12 -12
13 -12
13 14
-14 14
-14 -14
13 -14
13 -13
-13 -13
-13 13
12 13
12 -11
-11 -11
-11 11
10 11
10 -9
-9 -9
-9 9
8 9
8 -7
-7 -7
-7 7
6 7
6 -5
-5 -5
-5 5
4 5
4 -3
-3 -3
-3 3
2 3
2 -1
-1 -1
-1 1
0 1
0 0
60
1 0
1 2
-2 2
-2 -2
3 -2
3 4
-4 4
-4 -4
5 -4
5 6
-6 6
-6 -6
7 -6
7 8
-8 8
-8 -8
9 -8
9 10
-10 10
-10 -10
11 -10
11 12
-12 12
-12 -12
13 -12
13 14
-14 14
-14 -14
15 -14
15 14
14 14
14 -13
-13 -13
-13 13
12 13
12 -11
-11 -11
-11 11
10 11
10 -9
-9 -9
-9 9
8 9
8 -7
-7 -7
-7 7
6 7
6 -5
-5 -5
-5 5
4 5
4 -3
-3 -3
-3 3
2 3
2 -1
-1 -1
-1 1
0 1
0 0
62
1 0
1 2
-2 2
-2 -2
3 -2
3 4
-4 4
-4 -4
5 -4
5 6
-6 6
-6 -6
7 -6
7 8
-8 8
-8 -8
9 -8
9 10
-10 10
-10 -10
11 -10
11 12
-12 12
-12 -12
13 -12
13 14
-14 14
-14 -14
15 -14
15 16
-14 16
-14 15
14 15
14 -13
-13 -13
-13 13
12 13
12 -11
-11 -11
-11 11
10 11
10 -9
-9 -9
-9 9
8 9
8 -7
-7 -7
-7 7
6 7
6 -5
-5 -5
-5 5
4 5
4 -3
-3 -3
-3 3
2 3
2 -1
-1 -1
-1 1
0 1
0 0
64
1 0
1 2
-2 2
-2 -2
3 -2
3 4
-4 4
-4 -4
5 -4
5 6
-6 6
-6 -6
7 -6
7 8
-8 8
-8 -8
9 -8
9 10
-10 10
-10 -10
11 -10
11 12
-12 12
-12 -12
13 -12
13 14
-14 14
-14 -14
15 -14
15 16
-16 16
-16 -14
-15 -14
-15 15
14 15
14 -13
-13 -13
-13 13
12 13
12 -11
-11 -11
-11 11
10 11
10 -9
-9 -9
-9 9
8 9
8 -7
-7 -7
-7 7
6 7
6 -5
-5 -5
-5 5
4 5
4 -3
-3 -3
-3 3
2 3
2 -1
-1 -1
-1 1
0 1
0 0
66
1 0
1 2
-2 2
-2 -2
3 -2
3 4
-4 4
-4 -4
5 -4
5 6
-6 6
-6 -6
7 -6
7 8
-8 8
-8 -8
9 -8
9 10
-10 10
-10 -10
11 -10
11 12
-12 12
-12 -12
13 -12
13 14
-14 14
-14 -14
15 -14
15 16
-16 16
-16 -16
15 -16
15 -15
-15 -15
-15 15
14 15
14 -13
-13 -13
-13 13
12 13
12 -11
-11 -11
-11 11
10 11
10 -9
-9 -9
-9 9
8 9
8 -7
-7 -7
-7 7
6 7
6 -5
-5 -5
-5 5
4 5
4 -3
-3 -3
-3 3
2 3
2 -1
-1 -1
-1 1
0 1
0 0
68
1 0
1 2
-2 2
-2 -2
3 -2
3 4
-4 4
-4 -4
5 -4
5 6
-6 6
-6 -6
7 -6
7 8
-8 8
-8 -8
9 -8
9 10
-10 10
-10 -10
11 -10
11 12
-12 12
-12 -12
13 -12
13 14
-14 14
-14 -14
15 -14
15 16
-16 16
-16 -16
17 -16
17 16
16 16
16 -15
-15 -15
-15 15
14 15
14 -13
-13 -13
-13 13
12 13
12 -11
-11 -11
-11 11
10 11
10 -9
-9 -9
-9 9
8 9
8 -7
-7 -7
-7 7
6 7
6 -5
-5 -5
-5 5
4 5
4 -3
-3 -3
-3 3
2 3
2 -1
-1 -1
-1 1
0 1
0 0
70
1 0
1 2
-2 2
-2 -2
3 -2
3 4
-4 4
-4 -4
5 -4
5 6
-6 6
-6 -6
7 -6
7 8
-8 8
-8 -8
9 -8
9 10
-10 10
-10 -10
11 -10
11 12
-12 12
-12 -12
13 -12
13 14
-14 14
-14 -14
15 -14
15 16
-16 16
-16 -16
17 -16
17 18
-16 18
-16 17
16 17
16 -15
-15 -15
-15 15
14 15
14 -13
-13 -13
-13 13
12 13
12 -11
-11 -11
-11 11
10 11
10 -9
-9 -9
-9 9
8 9
8 -7
-7 -7
-7 7
6 7
6 -5
-5 -5
-5 5
4 5
4 -3
-3 -3
-3 3
2 3
2 -1
-1 -1
-1 1
0 1
0 0
72
1 0
1 2
-2 2
-2 -2
3 -2
3 4
-4 4
-4 -4
5 -4
5 6
-6 6
-6 -6
7 -6
7 8
-8 8
-8 -8
9 -8
9 10
-10 10
-10 -10
11 -10
11 12
-12 12
-12 -12
13 -12
13 14
-14 14
-14 -14
15 -14
15 16
-16 16
-16 -16
17 -16
17 18
-18 18
-18 -16
-17 -16
-17 17
16 17
16 -15
-15 -15
-15 15
14 15
14 -13
-13 -13
-13 13
12 13
12 -11
-11 -11
-11 11
10 11
10 -9
-9 -9
-9 9
8 9
8 -7
-7 -7
-7 7
6 7
6 -5
-5 -5
-5 5
4 5
4 -3
-3 -3
-3 3
2 3
2 -1
-1 -1
-1 1
0 1
0 0
74
1 0
1 2
-2 2
-2 -2
3 -2
3 4
-4 4
-4 -4
5 -4
5 6
-6 6
-6 -6
7 -6
7 8
-8 8
-8 -8
9 -8
9 10
-10 10
-10 -10
11 -10
11 12
-12 12
-12 -12
13 -12
13 14
-14 14
-14 -14
15 -14
15 16
-16 16
-16 -16
17 -16
17 18
-18 18
-18 -18
17 -18
17 -17
-17 -17
-17 17
16 17
16 -15
-15 -15
-15 15
14 15
14 -13
-13 -13
-13 13
12 13
12 -11
-11 -11
-11 11
10 11
10 -9
-9 -9
-9 9
8 9
8 -7
-7 -7
-7 7
6 7
6 -5
-5 -5
-5 5
4 5
4 -3
-3 -3
-3 3
2 3
2 -1
-1 -1
-1 1
0 1
0 0
76
1 0
1 2
-2 2
-2 -2
3 -2
3 4
-4 4
-4 -4
5 -4
5 6
-6 6
-6 -6
7 -6
7 8
-8 8
-8 -8
9 -8
9 10
-10 10
-10 -10
11 -10
11 12
-12 12
-12 -12
13 -12
13 14
-14 14
-14 -14
15 -14
15 16
-16 16
-16 -16
17 -16
17 18
-18 18
-18 -18
19 -18
19 18
18 18
18 -17
-17 -17
-17 17
16 17
16 -15
-15 -15
-15 15
14 15
14 -13
-13 -13
-13 13
12 13
12 -11
-11 -11
-11 11
10 11
10 -9
-9 -9
-9 9
8 9
8 -7
-7 -7
-7 7
6 7
6 -5
-5 -5
-5 5
4 5
4 -3
-3 -3
-3 3
2 3
2 -1
-1 -1
-1 1
0 1
0 0
78
1 0
1 2
-2 2
-2 -2
3 -2
3 4
-4 4
-4 -4
5 -4
5 6
-6 6
-6 -6
7 -6
7 8
-8 8
-8 -8
9 -8
9 10
-10 10
-10 -10
11 -10
11 12
-12 12
-12 -12
13 -12
13 14
-14 14
-14 -14
15 -14
15 16
-16 16
-16 -16
17 -16
17 18
-18 18
-18 -18
19 -18
19 20
-18 20
-18 19
18 19
18 -17
-17 -17
-17 17
16 17
16 -15
-15 -15
-15 15
14 15
14 -13
-13 -13
-13 13
12 13
12 -11
-11 -11
-11 11
10 11
10 -9
-9 -9
-9 9
8 9
8 -7
-7 -7
-7 7
6 7
6 -5
-5 -5
-5 5
4 5
4 -3
-3 -3
-3 3
2 3
2 -1
-1 -1
-1 1
0 1
0 0
80
1 0
1 2
-2 2
-2 -2
3 -2
3 4
-4 4
-4 -4
5 -4
5 6
-6 6
-6 -6
7 -6
7 8
-8 8
-8 -8
9 -8
9 10
-10 10
-10 -10
11 -10
11 12
-12 12
-12 -12
13 -12
13 14
-14 14
-14 -14
15 -14
15 16
-16 16
-16 -16
17 -16
17 18
-18 18
-18 -18
19 -18
19 20
-20 20
-20 -18
-19 -18
-19 19
18 19
18 -17
-17 -17
-17 17
16 17
16 -15
-15 -15
-15 15
14 15
14 -13
-13 -13
-13 13
12 13
12 -11
-11 -11
-11 11
10 11
10 -9
-9 -9
-9 9
8 9
8 -7
-7 -7
-7 7
6 7
6 -5
-5 -5
-5 5
4 5
4 -3
-3 -3
-3 3
2 3
2 -1
-1 -1
-1 1
0 1
0 0
82
1 0
1 2
-2 2
-2 -2
3 -2
3 4
-4 4
-4 -4
5 -4
5 6
-6 6
-6 -6
7 -6
7 8
-8 8
-8 -8
9 -8
9 10
-10 10
-10 -10
11 -10
11 12
-12 12
-12 -12
13 -12
13 14
-14 14
-14 -14
15 -14
15 16
-16 16
-16 -16
17 -16
17 18
-18 18
-18 -18
19 -18
19 20
-20 20
-20 -20
19 -20
19 -19
-19 -19
-19 19
18 19
18 -17
-17 -17
-17 17
16 17
16 -15
-15 -15
-15 15
14 15
14 -13
-13 -13
-13 13
12 13
12 -11
-11 -11
-11 11
10 11
10 -9
-9 -9
-9 9
8 9
8 -7
-7 -7
-7 7
6 7
6 -5
-5 -5
-5 5
4 5
4 -3
-3 -3
-3 3
2 3
2 -1
-1 -1
-1 1
0 1
0 0
84
1 0
1 2
-2 2
-2 -2
3 -2
3 4
-4 4
-4 -4
5 -4
5 6
-6 6
-6 -6
7 -6
7 8
-8 8
-8 -8
9 -8
9 10
-10 10
-10 -10
11 -10
11 12
-12 12
-12 -12
13 -12
13 14
-14 14
-14 -14
15 -14
15 16
-16 16
-16 -16
17 -16
17 18
-18 18
-18 -18
19 -18
19 20
-20 20
-20 -20
21 -20
21 20
20 20
20 -19
-19 -19
-19 19
18 19
18 -17
-17 -17
-17 17
16 17
16 -15
-15 -15
-15 15
14 15
14 -13
-13 -13
-13 13
12 13
12 -11
-11 -11
-11 11
10 11
10 -9
-9 -9
-9 9
8 9
8 -7
-7 -7
-7 7
6 7
6 -5
-5 -5
-5 5
4 5
4 -3
-3 -3
-3 3
2 3
2 -1
-1 -1
-1 1
0 1
0 0
86
1 0
1 2
-2 2
-2 -2
3 -2
3 4
-4 4
-4 -4
5 -4
5 6
-6 6
-6 -6
7 -6
7 8
-8 8
-8 -8
9 -8
9 10
-10 10
-10 -10
11 -10
11 12
-12 12
-12 -12
13 -12
13 14
-14 14
-14 -14
15 -14
15 16
-16 16
-16 -16
17 -16
17 18
-18 18
-18 -18
19 -18
19 20
-20 20
-20 -20
21 -20
21 22
-20 22
-20 21
20 21
20 -19
-19 -19
-19 19
18 19
18 -17
-17 -17
-17 17
16 17
16 -15
-15 -15
-15 15
14 15
14 -13
-13 -13
-13 13
12 13
12 -11
-11 -11
-11 11
10 11
10 -9
-9 -9
-9 9
8 9
8 -7
-7 -7
-7 7
6 7
6 -5
-5 -5
-5 5
4 5
4 -3
-3 -3
-3 3
2 3
2 -1
-1 -1
-1 1
0 1
0 0
88
1 0
1 2
-2 2
-2 -2
3 -2
3 4
-4 4
-4 -4
5 -4
5 6
-6 6
-6 -6
7 -6
7 8
-8 8
-8 -8
9 -8
9 10
-10 10
-10 -10
11 -10
11 12
-12 12
-12 -12
13 -12
13 14
-14 14
-14 -14
15 -14
15 16
-16 16
-16 -16
17 -16
17 18
-18 18
-18 -18
19 -18
19 20
-20 20
-20 -20
21 -20
21 22
-22 22
-22 -20
-21 -20
-21 21
20 21
20 -19
-19 -19
-19 19
18 19
18 -17
-17 -17
-17 17
16 17
16 -15
-15 -15
-15 15
14 15
14 -13
-13 -13
-13 13
12 13
12 -11
-11 -11
-11 11
10 11
10 -9
-9 -9
-9 9
8 9
8 -7
-7 -7
-7 7
6 7
6 -5
-5 -5
-5 5
4 5
4 -3
-3 -3
-3 3
2 3
2 -1
-1 -1
-1 1
0 1
0 0
90
1 0
1 2
-2 2
-2 -2
3 -2
3 4
-4 4
-4 -4
5 -4
5 6
-6 6
-6 -6
7 -6
7 8
-8 8
-8 -8
9 -8
9 10
-10 10
-10 -10
11 -10
11 12
-12 12
-12 -12
13 -12
13 14
-14 14
-14 -14
15 -14
15 16
-16 16
-16 -16
17 -16
17 18
-18 18
-18 -18
19 -18
19 20
-20 20
-20 -20
21 -20
21 22
-22 22
-22 -22
21 -22
21 -21
-21 -21
-21 21
20 21
20 -19
-19 -19
-19 19
18 19
18 -17
-17 -17
-17 17
16 17
16 -15
-15 -15
-15 15
14 15
14 -13
-13 -13
-13 13
12 13
12 -11
-11 -11
-11 11
10 11
10 -9
-9 -9
-9 9
8 9
8 -7
-7 -7
-7 7
6 7
6 -5
-5 -5
-5 5
4 5
4 -3
-3 -3
-3 3
2 3
2 -1
-1 -1
-1 1
0 1
0 0
92
1 0
1 2
-2 2
-2 -2
3 -2
3 4
-4 4
-4 -4
5 -4
5 6
-6 6
-6 -6
7 -6
7 8
-8 8
-8 -8
9 -8
9 10
-10 10
-10 -10
11 -10
11 12
-12 12
-12 -12
13 -12
13 14
-14 14
-14 -14
15 -14
15 16
-16 16
-16 -16
17 -16
17 18
-18 18
-18 -18
19 -18
19 20
-20 20
-20 -20
21 -20
21 22
-22 22
-22 -22
23 -22
23 22
22 22
22 -21
-21 -21
-21 21
20 21
20 -19
-19 -19
-19 19
18 19
18 -17
-17 -17
-17 17
16 17
16 -15
-15 -15
-15 15
14 15
14 -13
-13 -13
-13 13
12 13
12 -11
-11 -11
-11 11
10 11
10 -9
-9 -9
-9 9
8 9
8 -7
-7 -7
-7 7
6 7
6 -5
-5 -5
-5 5
4 5
4 -3
-3 -3
-3 3
2 3
2 -1
-1 -1
-1 1
0 1
0 0
94
1 0
1 2
-2 2
-2 -2
3 -2
3 4
-4 4
-4 -4
5 -4
5 6
-6 6
-6 -6
7 -6
7 8
-8 8
-8 -8
9 -8
9 10
-10 10
-10 -10
11 -10
11 12
-12 12
-12 -12
13 -12
13 14
-14 14
-14 -14
15 -14
15 16
-16 16
-16 -16
17 -16
17 18
-18 18
-18 -18
19 -18
19 20
-20 20
-20 -20
21 -20
21 22
-22 22
-22 -22
23 -22
23 24
-22 24
-22 23
22 23
22 -21
-21 -21
-21 21
20 21
20 -19
-19 -19
-19 19
18 19
18 -17
-17 -17
-17 17
16 17
16 -15
-15 -15
-15 15
14 15
14 -13
-13 -13
-13 13
12 13
12 -11
-11 -11
-11 11
10 11
10 -9
-9 -9
-9 9
8 9
8 -7
-7 -7
-7 7
6 7
6 -5
-5 -5
-5 5
4 5
4 -3
-3 -3
-3 3
2 3
2 -1
-1 -1
-1 1
0 1
0 0
96
1 0
1 2
-2 2
-2 -2
3 -2
3 4
-4 4
-4 -4
5 -4
5 6
-6 6
-6 -6
7 -6
7 8
-8 8
-8 -8
9 -8
9 10
-10 10
-10 -10
11 -10
11 12
-12 12
-12 -12
13 -12
13 14
-14 14
-14 -14
15 -14
15 16
-16 16
-16 -16
17 -16
17 18
-18 18
-18 -18
19 -18
19 20
-20 20
-20 -20
21 -20
21 22
-22 22
-22 -22
23 -22
23 24
-24 24
-24 -22
-23 -22
-23 23
22 23
22 -21
-21 -21
-21 21
20 21
20 -19
-19 -19
-19 19
18 19
18 -17
-17 -17
-17 17
16 17
16 -15
-15 -15
-15 15
14 15
14 -13
-13 -13
-13 13
12 13
12 -11
-11 -11
-11 11
10 11
10 -9
-9 -9
-9 9
8 9
8 -7
-7 -7
-7 7
6 7
6 -5
-5 -5
-5 5
4 5
4 -3
-3 -3
-3 3
2 3
2 -1
-1 -1
-1 1
0 1
0 0
98
1 0
1 2
-2 2
-2 -2
3 -2
3 4
-4 4
-4 -4
5 -4
5 6
-6 6
-6 -6
7 -6
7 8
-8 8
-8 -8
9 -8
9 10
-10 10
-10 -10
11 -10
11 12
-12 12
-12 -12
13 -12
13 14
-14 14
-14 -14
15 -14
15 16
-16 16
-16 -16
17 -16
17 18
-18 18
-18 -18
19 -18
19 20
-20 20
-20 -20
21 -20
21 22
-22 22
-22 -22
23 -22
23 24
-24 24
-24 -24
23 -24
23 -23
-23 -23
-23 23
22 23
22 -21
-21 -21
-21 21
20 21
20 -19
-19 -19
-19 19
18 19
18 -17
-17 -17
-17 17
16 17
16 -15
-15 -15
-15 15
14 15
14 -13
-13 -13
-13 13
12 13
12 -11
-11 -11
-11 11
10 11
10 -9
-9 -9
-9 9
8 9
8 -7
-7 -7
-7 7
6 7
6 -5
-5 -5
-5 5
4 5
4 -3
-3 -3
-3 3
2 3
2 -1
-1 -1
-1 1
0 1
0 0
100
1 0
1 2
-2 2
-2 -2
3 -2
3 4
-4 4
-4 -4
5 -4
5 6
-6 6
-6 -6
7 -6
7 8
-8 8
-8 -8
9 -8
9 10
-10 10
-10 -10
11 -10
11 12
-12 12
-12 -12
13 -12
13 14
-14 14
-14 -14
15 -14
15 16
-16 16
-16 -16
17 -16
17 18
-18 18
-18 -18
19 -18
19 20
-20 20
-20 -20
21 -20
21 22
-22 22
-22 -22
23 -22
23 24
-24 24
-24 -24
25 -24
25 24
24 24
24 -23
-23 -23
-23 23
22 23
22 -21
-21 -21
-21 21
20 21
20 -19
-19 -19
-19 19
18 19
18 -17
-17 -17
-17 17
16 17
16 -15
-15 -15
-15 15
14 15
14 -13
-13 -13
-13 13
12 13
12 -11
-11 -11
-11 11
10 11
10 -9
-9 -9
-9 9
8 9
8 -7
-7 -7
-7 7
6 7
6 -5
-5 -5
-5 5
4 5
4 -3
-3 -3
-3 3
2 3
2 -1
-1 -1
-1 1
0 1
0 0
8
0 0
1 0
1 -1
2 -1
2 1
3 1
3 -2
0 -2
12
0 0
1 0
1 -1
2 -1
2 1
3 1
3 -2
4 -2
4 2
5 2
5 -3
0 -3
16
0 0
1 0
1 -1
2 -1
2 1
3 1
3 -2
4 -2
4 2
5 2
5 -3
6 -3
6 3
7 3
7 -4
0 -4
20
0 0
1 0
1 -1
2 -1
2 1
3 1
3 -2
4 -2
4 2
5 2
5 -3
6 -3
6 3
7 3
7 -4
8 -4
8 4
9 4
9 -5
0 -5
24
0 0
1 0
1 -1
2 -1
2 1
3 1
3 -2
4 -2
4 2
5 2
5 -3
6 -3
6 3
7 3
7 -4
8 -4
8 4
9 4
9 -5
10 -5
10 5
11 5
11 -6
0 -6
28
0 0
1 0
1 -1
2 -1
2 1
3 1
3 -2
4 -2
4 2
5 2
5 -3
6 -3
6 3
7 3
7 -4
8 -4
8 4
9 4
9 -5
10 -5
10 5
11 5
11 -6
12 -6
12 6
13 6
13 -7
0 -7
32
0 0
1 0
1 -1
2 -1
2 1
3 1
3 -2
4 -2
4 2
5 2
5 -3
6 -3
6 3
7 3
7 -4
8 -4
8 4
9 4
9 -5
10 -5
10 5
11 5
11 -6
12 -6
12 6
13 6
13 -7
14 -7
14 7
15 7
15 -8
0 -8
36
0 0
1 0
1 -1
2 -1
2 1
3 1
3 -2
4 -2
4 2
5 2
5 -3
6 -3
6 3
7 3
7 -4
8 -4
8 4
9 4
9 -5
10 -5
10 5
11 5
11 -6
12 -6
12 6
13 6
13 -7
14 -7
14 7
15 7
15 -8
16 -8
16 8
17 8
17 -9
0 -9
40
0 0
1 0
1 -1
2 -1
2 1
3 1
3 -2
4 -2
4 2
5 2
5 -3
6 -3
6 3
7 3
7 -4
8 -4
8 4
9 4
9 -5
10 -5
10 5
11 5
11 -6
12 -6
12 6
13 6
13 -7
14 -7
14 7
15 7
15 -8
16 -8
16 8
17 8
17 -9
18 -9
18 9
19 9
19 -10
0 -10
44
0 0
1 0
1 -1
2 -1
2 1
3 1
3 -2
4 -2
4 2
5 2
5 -3
6 -3
6 3
7 3
7 -4
8 -4
8 4
9 4
9 -5
10 -5
10 5
11 5
11 -6
12 -6
12 6
13 6
13 -7
14 -7
14 7
15 7
15 -8
16 -8
16 8
17 8
17 -9
18 -9
18 9
19 9
19 -10
20 -10
20 10
21 10
21 -11
0 -11
48
0 0
1 0
1 -1
2 -1
2 1
3 1
3 -2
4 -2
4 2
5 2
5 -3
6 -3
6 3
7 3
7 -4
8 -4
8 4
9 4
9 -5
10 -5
10 5
11 5
11 -6
12 -6
12 6
13 6
13 -7
14 -7
14 7
15 7
15 -8
16 -8
16 8
17 8
17 -9
18 -9
18 9
19 9
19 -10
20 -10
20 10
21 10
21 -11
22 -11
22 11
23 11
23 -12
0 -12
52
0 0
1 0
1 -1
2 -1
2 1
3 1
3 -2
4 -2
4 2
5 2
5 -3
6 -3
6 3
7 3
7 -4
8 -4
8 4
9 4
9 -5
10 -5
10 5
11 5
11 -6
12 -6
12 6
13 6
13 -7
14 -7
14 7
15 7
15 -8
16 -8
16 8
17 8
17 -9
18 -9
18 9
19 9
19 -10
20 -10
20 10
21 10
21 -11
22 -11
22 11
23 11
23 -12
24 -12
24 12
25 12
25 -13
0 -13
56
0 0
1 0
1 -1
2 -1
2 1
3 1
3 -2
4 -2
4 2
5 2
5 -3
6 -3
6 3
7 3
7 -4
8 -4
8 4
9 4
9 -5
10 -5
10 5
11 5
11 -6
12 -6
12 6
13 6
13 -7
14 -7
14 7
15 7
15 -8
16 -8
16 8
17 8
17 -9
18 -9
18 9
19 9
19 -10
20 -10
20 10
21 10
21 -11
22 -11
22 11
23 11
23 -12
24 -12
24 12
25 12
25 -13
26 -13
26 13
27 13
27 -14
0 -14
60
0 0
1 0
1 -1
2 -1
2 1
3 1
3 -2
4 -2
4 2
5 2
5 -3
6 -3
6 3
7 3
7 -4
8 -4
8 4
9 4
9 -5
10 -5
10 5
11 5
11 -6
12 -6
12 6
13 6
13 -7
14 -7
14 7
15 7
15 -8
16 -8
16 8
17 8
17 -9
18 -9
18 9
19 9
19 -10
20 -10
20 10
21 10
21 -11
22 -11
22 11
23 11
23 -12
24 -12
24 12
25 12
25 -13
26 -13
26 13
27 13
27 -14
28 -14
28 14
29 14
29 -15
0 -15
64
0 0
1 0
1 -1
2 -1
2 1
3 1
3 -2
4 -2
4 2
5 2
5 -3
6 -3
6 3
7 3
7 -4
8 -4
8 4
9 4
9 -5
10 -5
10 5
11 5
11 -6
12 -6
12 6
13 6
13 -7
14 -7
14 7
15 7
15 -8
16 -8
16 8
17 8
17 -9
18 -9
18 9
19 9
19 -10
20 -10
20 10
21 10
21 -11
22 -11
22 11
23 11
23 -12
24 -12
24 12
25 12
25 -13
26 -13
26 13
27 13
27 -14
28 -14
28 14
29 14
29 -15
30 -15
30 15
31 15
31 -16
0 -16
68
0 0
1 0
1 -1
2 -1
2 1
3 1
3 -2
4 -2
4 2
5 2
5 -3
6 -3
6 3
7 3
7 -4
8 -4
8 4
9 4
9 -5
10 -5
10 5
11 5
11 -6
12 -6
12 6
13 6
13 -7
14 -7
14 7
15 7
15 -8
16 -8
16 8
17 8
17 -9
18 -9
18 9
19 9
19 -10
20 -10
20 10
21 10
21 -11
22 -11
22 11
23 11
23 -12
24 -12
24 12
25 12
25 -13
26 -13
26 13
27 13
27 -14
28 -14
28 14
29 14
29 -15
30 -15
30 15
31 15
31 -16
32 -16
32 16
33 16
33 -17
0 -17
72
0 0
1 0
1 -1
2 -1
2 1
3 1
3 -2
4 -2
4 2
5 2
5 -3
6 -3
6 3
7 3
7 -4
8 -4
8 4
9 4
9 -5
10 -5
10 5
11 5
11 -6
12 -6
12 6
13 6
13 -7
14 -7
14 7
15 7
15 -8
16 -8
16 8
17 8
17 -9
18 -9
18 9
19 9
19 -10
20 -10
20 10
21 10
21 -11
22 -11
22 11
23 11
23 -12
24 -12
24 12
25 12
25 -13
26 -13
26 13
27 13
27 -14
28 -14
28 14
29 14
29 -15
30 -15
30 15
31 15
31 -16
32 -16
32 16
33 16
33 -17
34 -17
34 17
35 17
35 -18
0 -18
76
0 0
1 0
1 -1
2 -1
2 1
3 1
3 -2
4 -2
4 2
5 2
5 -3
6 -3
6 3
7 3
7 -4
8 -4
8 4
9 4
9 -5
10 -5
10 5
11 5
11 -6
12 -6
12 6
13 6
13 -7
14 -7
14 7
15 7
15 -8
16 -8
16 8
17 8
17 -9
18 -9
18 9
19 9
19 -10
20 -10
20 10
21 10
21 -11
22 -11
22 11
23 11
23 -12
24 -12
24 12
25 12
25 -13
26 -13
26 13
27 13
27 -14
28 -14
28 14
29 14
29 -15
30 -15
30 15
31 15
31 -16
32 -16
32 16
33 16
33 -17
34 -17
34 17
35 17
35 -18
36 -18
36 18
37 18
37 -19
0 -19
80
0 0
1 0
1 -1
2 -1
2 1
3 1
3 -2
4 -2
4 2
5 2
5 -3
6 -3
6 3
7 3
7 -4
8 -4
8 4
9 4
9 -5
10 -5
10 5
11 5
11 -6
12 -6
12 6
13 6
13 -7
14 -7
14 7
15 7
15 -8
16 -8
16 8
17 8
17 -9
18 -9
18 9
19 9
19 -10
20 -10
20 10
21 10
21 -11
22 -11
22 11
23 11
23 -12
24 -12
24 12
25 12
25 -13
26 -13
26 13
27 13
27 -14
28 -14
28 14
29 14
29 -15
30 -15
30 15
31 15
31 -16
32 -16
32 16
33 16
33 -17
34 -17
34 17
35 17
35 -18
36 -18
36 18
37 18
37 -19
38 -19
38 19
39 19
39 -20
0 -20
84
0 0
1 0
1 -1
2 -1
2 1
3 1
3 -2
4 -2
4 2
5 2
5 -3
6 -3
6 3
7 3
7 -4
8 -4
8 4
9 4
9 -5
10 -5
10 5
11 5
11 -6
12 -6
12 6
13 6
13 -7
14 -7
14 7
15 7
15 -8
16 -8
16 8
17 8
17 -9
18 -9
18 9
19 9
19 -10
20 -10
20 10
21 10
21 -11
22 -11
22 11
23 11
23 -12
24 -12
24 12
25 12
25 -13
26 -13
26 13
27 13
27 -14
28 -14
28 14
29 14
29 -15
30 -15
30 15
31 15
31 -16
32 -16
32 16
33 16
33 -17
34 -17
34 17
35 17
35 -18
36 -18
36 18
37 18
37 -19
38 -19
38 19
39 19
39 -20
40 -20
40 20
41 20
41 -21
0 -21
88
0 0
1 0
1 -1
2 -1
2 1
3 1
3 -2
4 -2
4 2
5 2
5 -3
6 -3
6 3
7 3
7 -4
8 -4
8 4
9 4
9 -5
10 -5
10 5
11 5
11 -6
12 -6
12 6
13 6
13 -7
14 -7
14 7
15 7
15 -8
16 -8
16 8
17 8
17 -9
18 -9
18 9
19 9
19 -10
20 -10
20 10
21 10
21 -11
22 -11
22 11
23 11
23 -12
24 -12
24 12
25 12
25 -13
26 -13
26 13
27 13
27 -14
28 -14
28 14
29 14
29 -15
30 -15
30 15
31 15
31 -16
32 -16
32 16
33 16
33 -17
34 -17
34 17
35 17
35 -18
36 -18
36 18
37 18
37 -19
38 -19
38 19
39 19
39 -20
40 -20
40 20
41 20
41 -21
42 -21
42 21
43 21
43 -22
0 -22
92
0 0
1 0
1 -1
2 -1
2 1
3 1
3 -2
4 -2
4 2
5 2
5 -3
6 -3
6 3
7 3
7 -4
8 -4
8 4
9 4
9 -5
10 -5
10 5
11 5
11 -6
12 -6
12 6
13 6
13 -7
14 -7
14 7
15 7
15 -8
16 -8
16 8
17 8
17 -9
18 -9
18 9
19 9
19 -10
20 -10
20 10
21 10
21 -11
22 -11
22 11
23 11
23 -12
24 -12
24 12
25 12
25 -13
26 -13
26 13
27 13
27 -14
28 -14
28 14
29 14
29 -15
30 -15
30 15
31 15
31 -16
32 -16
32 16
33 16
33 -17
34 -17
34 17
35 17
35 -18
36 -18
36 18
37 18
37 -19
38 -19
38 19
39 19
39 -20
40 -20
40 20
41 20
41 -21
42 -21
42 21
43 21
43 -22
44 -22
44 22
45 22
45 -23
0 -23
96
0 0
1 0
1 -1
2 -1
2 1
3 1
3 -2
4 -2
4 2
5 2
5 -3
6 -3
6 3
7 3
7 -4
8 -4
8 4
9 4
9 -5
10 -5
10 5
11 5
11 -6
12 -6
12 6
13 6
13 -7
14 -7
14 7
15 7
15 -8
16 -8
16 8
17 8
17 -9
18 -9
18 9
19 9
19 -10
20 -10
20 10
21 10
21 -11
22 -11
22 11
23 11
23 -12
24 -12
24 12
25 12
25 -13
26 -13
26 13
27 13
27 -14
28 -14
28 14
29 14
29 -15
30 -15
30 15
31 15
31 -16
32 -16
32 16
33 16
33 -17
34 -17
34 17
35 17
35 -18
36 -18
36 18
37 18
37 -19
38 -19
38 19
39 19
39 -20
40 -20
40 20
41 20
41 -21
42 -21
42 21
43 21
43 -22
44 -22
44 22
45 22
45 -23
46 -23
46 23
47 23
47 -24
0 -24
100
0 0
1 0
1 -1
2 -1
2 1
3 1
3 -2
4 -2
4 2
5 2
5 -3
6 -3
6 3
7 3
7 -4
8 -4
8 4
9 4
9 -5
10 -5
10 5
11 5
11 -6
12 -6
12 6
13 6
13 -7
14 -7
14 7
15 7
15 -8
16 -8
16 8
17 8
17 -9
18 -9
18 9
19 9
19 -10
20 -10
20 10
21 10
21 -11
22 -11
22 11
23 11
23 -12
24 -12
24 12
25 12
25 -13
26 -13
26 13
27 13
27 -14
28 -14
28 14
29 14
29 -15
30 -15
30 15
31 15
31 -16
32 -16
32 16
33 16
33 -17
34 -17
34 17
35 17
35 -18
36 -18
36 18
37 18
37 -19
38 -19
38 19
39 19
39 -20
40 -20
40 20
41 20
41 -21
42 -21
42 21
43 21
43 -22
44 -22
44 22
45 22
45 -23
46 -23
46 23
47 23
47 -24
48 -24
48 24
49 24
49 -25
0 -25
12
2 1
1 1
1 2
-1 2
-1 1
-2 1
-2 -1
-1 -1
-1 -2
1 -2
1 -1
2 -1
20
3 1
2 1
2 2
1 2
1 3
-1 3
-1 2
-2 2
-2 1
-3 1
-3 -1
-2 -1
-2 -2
-1 -2
-1 -3
1 -3
1 -2
2 -2
2 -1
3 -1
28
4 1
3 1
3 2
2 2
2 3
1 3
1 4
-1 4
-1 3
-2 3
-2 2
-3 2
-3 1
-4 1
-4 -1
-3 -1
-3 -2
-2 -2
-2 -3
-1 -3
-1 -4
1 -4
1 -3
2 -3
2 -2
3 -2
3 -1
4 -1
36
5 1
4 1
4 2
3 2
3 3
2 3
2 4
1 4
1 5
-1 5
-1 4
-2 4
-2 3
-3 3
-3 2
-4 2
-4 1
-5 1
-5 -1
-4 -1
-4 -2
-3 -2
-3 -3
-2 -3
-2 -4
-1 -4
-1 -5
1 -5
1 -4
2 -4
2 -3
3 -3
3 -2
4 -2
4 -1
5 -1
44
6 1
5 1
5 2
4 2
4 3
3 3
3 4
2 4
2 5
1 5
1 6
-1 6
-1 5
-2 5
-2 4
-3 4
-3 3
-4 3
-4 2
-5 2
-5 1
-6 1
-6 -1
-5 -1
-5 -2
-4 -2
-4 -3
-3 -3
-3 -4
-2 -4
-2 -5
-1 -5
-1 -6
1 -6
1 -5
2 -5
2 -4
3 -4
3 -3
4 -3
4 -2
5 -2
5 -1
6 -1
52
7 1
6 1
6 2
5 2
5 3
4 3
4 4
3 4
3 5
2 5
2 6
1 6
1 7
-1 7
-1 6
-2 6
-2 5
-3 5
-3 4
-4 4
-4 3
-5 3
-5 2
-6 2
-6 1
-7 1
-7 -1
-6 -1
-6 -2
-5 -2
-5 -3
-4 -3
-4 -4
-3 -4
-3 -5
-2 -5
-2 -6
-1 -6
-1 -7
1 -7
1 -6
2 -6
2 -5
3 -5
3 -4
4 -4
4 -3
5 -3
5 -2
6 -2
6 -1
7 -1
60
8 1
7 1
7 2
6 2
6 3
5 3
5 4
4 4
4 5
3 5
3 6
2 6
2 7
1 7
1 8
-1 8
-1 7
-2 7
-2 6
-3 6
-3 5
-4 5
-4 4
-5 4
-5 3
-6 3
-6 2
-7 2
-7 1
-8 1
-8 -1
-7 -1
-7 -2
-6 -2
-6 -3
-5 -3
-5 -4
-4 -4
-4 -5
-3 -5
-3 -6
-2 -6
-2 -7
-1 -7
-1 -8
1 -8
1 -7
2 -7
2 -6
3 -6
3 -5
4 -5
4 -4
5 -4
5 -3
6 -3
6 -2
7 -2
7 -1
8 -1
68
9 1
8 1
8 2
7 2
7 3
6 3
6 4
5 4
5 5
4 5
4 6
3 6
3 7
2 7
2 8
1 8
1 9
-1 9
-1 8
-2 8
-2 7
-3 7
-3 6
-4 6
-4 5
-5 5
-5 4
-6 4
-6 3
-7 3
-7 2
-8 2
-8 1
-9 1
-9 -1
-8 -1
-8 -2
-7 -2
-7 -3
-6 -3
-6 -4
-5 -4
-5 -5
-4 -5
-4 -6
-3 -6
-3 -7
-2 -7
-2 -8
-1 -8
-1 -9
1 -9
1 -8
2 -8
2 -7
3 -7
3 -6
4 -6
4 -5
5 -5
5 -4
6 -4
6 -3
7 -3
7 -2
8 -2
8 -1
9 -1
76
10 1
9 1
9 2
8 2
8 3
7 3
7 4
6 4
6 5
5 5
5 6
4 6
4 7
3 7
3 8
2 8
2 9
1 9
1 10
-1 10
-1 9
-2 9
-2 8
-3 8
-3 7
-4 7
-4 6
-5 6
-5 5
-6 5
-6 4
-7 4
-7 3
-8 3
-8 2
-9 2
-9 1
-10 1
-10 -1
-9 -1
-9 -2
-8 -2
-8 -3
-7 -3
-7 -4
-6 -4
-6 -5
-5 -5
-5 -6
-4 -6
-4 -7
-3 -7
-3 -8
-2 -8
-2 -9
-1 -9
-1 -10
1 -10
1 -9
2 -9
2 -8
3 -8
3 -7
4 -7
4 -6
5 -6
5 -5
6 -5
6 -4
7 -4
7 -3
8 -3
8 -2
9 -2
9 -1
10 -1
84
11 1
10 1
10 2
9 2
9 3
8 3
8 4
7 4
7 5
6 5
6 6
5 6
5 7
4 7
4 8
3 8
3 9
2 9
2 10
1 10
1 11
-1 11
-1 10
-2 10
-2 9
-3 9
-3 8
-4 8
-4 7
-5 7
-5 6
-6 6
-6 5
-7 5
-7 4
-8 4
-8 3
-9 3
-9 2
-10 2
-10 1
-11 1
-11 -1
-10 -1
-10 -2
-9 -2
-9 -3
-8 -3
-8 -4
-7 -4
-7 -5
-6 -5
-6 -6
-5 -6
-5 -7
-4 -7
-4 -8
-3 -8
-3 -9
-2 -9
-2 -10
-1 -10
-1 -11
1 -11
1 -10
2 -10
2 -9
3 -9
3 -8
4 -8
4 -7
5 -7
5 -6
6 -6
6 -5
7 -5
7 -4
8 -4
8 -3
9 -3
9 -2
10 -2
10 -1
11 -1
92
12 1
11 1
11 2
10 2
10 3
9 3
9 4
8 4
8 5
7 5
7 6
6 6
6 7
5 7
5 8
4 8
4 9
3 9
3 10
2 10
2 11
1 11
1 12
-1 12
-1 11
-2 11
-2 10
-3 10
-3 9
-4 9
-4 8
-5 8
-5 7
-6 7
-6 6
-7 6
-7 5
-8 5
-8 4
-9 4
-9 3
-10 3
-10 2
-11 2
-11 1
-12 1
-12 -1
-11 -1
-11 -2
-10 -2
-10 -3
-9 -3
-9 -4
-8 -4
-8 -5
-7 -5
-7 -6
-6 -6
-6 -7
-5 -7
-5 -8
-4 -8
-4 -9
-3 -9
-3 -10
-2 -10
-2 -11
-1 -11
-1 -12
1 -12
1 -11
2 -11
2 -10
3 -10
3 -9
4 -9
4 -8
5 -8
5 -7
6 -7
6 -6
7 -6
7 -5
8 -5
8 -4
9 -4
9 -3
10 -3
10 -2
11 -2
11 -1
12 -1
100
13 1
12 1
12 2
11 2
11 3
10 3
10 4
9 4
9 5
8 5
8 6
7 6
7 7
6 7
6 8
5 8
5 9
4 9
4 10
3 10
3 11
2 11
2 12
1 12
1 13
-1 13
-1 12
-2 12
-2 11
-3 11
-3 10
-4 10
-4 9
-5 9
-5 8
-6 8
-6 7
-7 7
-7 6
-8 6
-8 5
-9 5
-9 4
-10 4
-10 3
-11 3
-11 2
-12 2
-12 1
-13 1
-13 -1
-12 -1
-12 -2
-11 -2
-11 -3
-10 -3
-10 -4
-9 -4
-9 -5
-8 -5
-8 -6
-7 -6
-7 -7
-6 -7
-6 -8
-5 -8
-5 -9
-4 -9
-4 -10
-3 -10
-3 -11
-2 -11
-2 -12
-1 -12
-1 -13
1 -13
1 -12
2 -12
2 -11
3 -11
3 -10
4 -10
4 -9
5 -9
5 -8
6 -8
6 -7
7 -7
7 -6
8 -6
8 -5
9 -5
9 -4
10 -4
10 -3
11 -3
11 -2
12 -2
12 -1
13 -1
10
0 2
1 2
1 1
2 1
2 2
3 2
3 1
4 1
4 0
0 0
14
0 2
1 2
1 1
2 1
2 2
3 2
3 1
4 1
4 2
5 2
5 1
6 1
6 0
0 0
18
0 2
1 2
1 1
2 1
2 2
3 2
3 1
4 1
4 2
5 2
5 1
6 1
6 2
7 2
7 1
8 1
8 0
0 0
22
0 2
1 2
1 1
2 1
2 2
3 2
3 1
4 1
4 2
5 2
5 1
6 1
6 2
7 2
7 1
8 1
8 2
9 2
9 1
10 1
10 0
0 0
26
0 2
1 2
1 1
2 1
2 2
3 2
3 1
4 1
4 2
5 2
5 1
6 1
6 2
7 2
7 1
8 1
8 2
9 2
9 1
10 1
10 2
11 2
11 1
12 1
12 0
0 0
30
0 2
1 2
1 1
2 1
2 2
3 2
3 1
4 1
4 2
5 2
5 1
6 1
6 2
7 2
7 1
8 1
8 2
9 2
9 1
10 1
10 2
11 2
11 1
12 1
12 2
13 2
13 1
14 1
14 0
0 0
34
0 2
1 2
1 1
2 1
2 2
3 2
3 1
4 1
4 2
5 2
5 1
6 1
6 2
7 2
7 1
8 1
8 2
9 2
9 1
10 1
10 2
11 2
11 1
12 1
12 2
13 2
13 1
14 1
14 2
15 2
15 1
16 1
16 0
0 0
38
0 2
1 2
1 1
2 1
2 2
3 2
3 1
4 1
4 2
5 2
5 1
6 1
6 2
7 2
7 1
8 1
8 2
9 2
9 1
10 1
10 2
11 2
11 1
12 1
12 2
13 2
13 1
14 1
14 2
15 2
15 1
16 1
16 2
17 2
17 1
18 1
18 0
0 0
42
0 2
1 2
1 1
2 1
2 2
3 2
3 1
4 1
4 2
5 2
5 1
6 1
6 2
7 2
7 1
8 1
8 2
9 2
9 1
10 1
10 2
11 2
11 1
12 1
12 2
13 2
13 1
14 1
14 2
15 2
15 1
16 1
16 2
17 2
17 1
18 1
18 2
19 2
19 1
20 1
20 0
0 0
46
0 2
1 2
1 1
2 1
2 2
3 2
3 1
4 1
4 2
5 2
5 1
6 1
6 2
7 2
7 1
8 1
8 2
9 2
9 1
10 1
10 2
11 2
11 1
12 1
12 2
13 2
13 1
14 1
14 2
15 2
15 1
16 1
16 2
17 2
17 1
18 1
18 2
19 2
19 1
20 1
20 2
21 2
21 1
22 1
22 0
0 0
50
0 2
1 2
1 1
2 1
2 2
3 2
3 1
4 1
4 2
5 2
5 1
6 1
6 2
7 2
7 1
8 1
8 2
9 2
9 1
10 1
10 2
11 2
11 1
12 1
12 2
13 2
13 1
14 1
14 2
15 2
15 1
16 1
16 2
17 2
17 1
18 1
18 2
19 2
19 1
20 1
20 2
21 2
21 1
22 1
22 2
23 2
23 1
24 1
24 0
0 0
54
0 2
1 2
1 1
2 1
2 2
3 2
3 1
4 1
4 2
5 2
5 1
6 1
6 2
7 2
7 1
8 1
8 2
9 2
9 1
10 1
10 2
11 2
11 1
12 1
12 2
13 2
13 1
14 1
14 2
15 2
15 1
16 1
16 2
17 2
17 1
18 1
18 2
19 2
19 1
20 1
20 2
21 2
21 1
22 1
22 2
23 2
23 1
24 1
24 2
25 2
25 1
26 1
26 0
0 0
58
0 2
1 2
1 1
2 1
2 2
3 2
3 1
4 1
4 2
5 2
5 1
6 1
6 2
7 2
7 1
8 1
8 2
9 2
9 1
10 1
10 2
11 2
11 1
12 1
12 2
13 2
13 1
14 1
14 2
15 2
15 1
16 1
16 2
17 2
17 1
18 1
18 2
19 2
19 1
20 1
20 2
21 2
21 1
22 1
22 2
23 2
23 1
24 1
24 2
25 2
25 1
26 1
26 2
27 2
27 1
28 1
28 0
0 0
62
0 2
1 2
1 1
2 1
2 2
3 2
3 1
4 1
4 2
5 2
5 1
6 1
6 2
7 2
7 1
8 1
8 2
9 2
9 1
10 1
10 2
11 2
11 1
12 1
12 2
13 2
13 1
14 1
14 2
15 2
15 1
16 1
16 2
17 2
17 1
18 1
18 2
19 2
19 1
20 1
20 2
21 2
21 1
22 1
22 2
23 2
23 1
24 1
24 2
25 2
25 1
26 1
26 2
27 2
27 1
28 1
28 2
29 2
29 1
30 1
30 0
0 0
66
0 2
1 2
1 1
2 1
2 2
3 2
3 1
4 1
4 2
5 2
5 1
6 1
6 2
7 2
7 1
8 1
8 2
9 2
9 1
10 1
10 2
11 2
11 1
12 1
12 2
13 2
13 1
14 1
14 2
15 2
15 1
16 1
16 2
17 2
17 1
18 1
18 2
19 2
19 1
20 1
20 2
21 2
21 1
22 1
22 2
23 2
23 1
24 1
24 2
25 2
25 1
26 1
26 2
27 2
27 1
28 1
28 2
29 2
29 1
30 1
30 2
31 2
31 1
32 1
32 0
0 0
70
0 2
1 2
1 1
2 1
2 2
3 2
3 1
4 1
4 2
5 2
5 1
6 1
6 2
7 2
7 1
8 1
8 2
9 2
9 1
10 1
10 2
11 2
11 1
12 1
12 2
13 2
13 1
14 1
14 2
15 2
15 1
16 1
16 2
17 2
17 1
18 1
18 2
19 2
19 1
20 1
20 2
21 2
21 1
22 1
22 2
23 2
23 1
24 1
24 2
25 2
25 1
26 1
26 2
27 2
27 1
28 1
28 2
29 2
29 1
30 1
30 2
31 2
31 1
32 1
32 2
33 2
33 1
34 1
34 0
0 0
74
0 2
1 2
1 1
2 1
2 2
3 2
3 1
4 1
4 2
5 2
5 1
6 1
6 2
7 2
7 1
8 1
8 2
9 2
9 1
10 1
10 2
11 2
11 1
12 1
12 2
13 2
13 1
14 1
14 2
15 2
15 1
16 1
16 2
17 2
17 1
18 1
18 2
19 2
19 1
20 1
20 2
21 2
21 1
22 1
22 2
23 2
23 1
24 1
24 2
25 2
25 1
26 1
26 2
27 2
27 1
28 1
28 2
29 2
29 1
30 1
30 2
31 2
31 1
32 1
32 2
33 2
33 1
34 1
34 2
35 2
35 1
36 1
36 0
0 0
78
0 2
1 2
1 1
2 1
2 2
3 2
3 1
4 1
4 2
5 2
5 1
6 1
6 2
7 2
7 1
8 1
8 2
9 2
9 1
10 1
10 2
11 2
11 1
12 1
12 2
13 2
13 1
14 1
14 2
15 2
15 1
16 1
16 2
17 2
17 1
18 1
18 2
19 2
19 1
20 1
20 2
21 2
21 1
22 1
22 2
23 2
23 1
24 1
24 2
25 2
25 1
26 1
26 2
27 2
27 1
28 1
28 2
29 2
29 1
30 1
30 2
31 2
31 1
32 1
32 2
33 2
33 1
34 1
34 2
35 2
35 1
36 1
36 2
37 2
37 1
38 1
38 0
0 0
82
0 2
1 2
1 1
2 1
2 2
3 2
3 1
4 1
4 2
5 2
5 1
6 1
6 2
7 2
7 1
8 1
8 2
9 2
9 1
10 1
10 2
11 2
11 1
12 1
12 2
13 2
13 1
14 1
14 2
15 2
15 1
16 1
16 2
17 2
17 1
18 1
18 2
19 2
19 1
20 1
20 2
21 2
21 1
22 1
22 2
23 2
23 1
24 1
24 2
25 2
25 1
26 1
26 2
27 2
27 1
28 1
28 2
29 2
29 1
30 1
30 2
31 2
31 1
32 1
32 2
33 2
33 1
34 1
34 2
35 2
35 1
36 1
36 2
37 2
37 1
38 1
38 2
39 2
39 1
40 1
40 0
0 0
86
0 2
1 2
1 1
2 1
2 2
3 2
3 1
4 1
4 2
5 2
5 1
6 1
6 2
7 2
7 1
8 1
8 2
9 2
9 1
10 1
10 2
11 2
11 1
12 1
12 2
13 2
13 1
14 1
14 2
15 2
15 1
16 1
16 2
17 2
17 1
18 1
18 2
19 2
19 1
20 1
20 2
21 2
21 1
22 1
22 2
23 2
23 1
24 1
24 2
25 2
25 1
26 1
26 2
27 2
27 1
28 1
28 2
29 2
29 1
30 1
30 2
31 2
31 1
32 1
32 2
33 2
33 1
34 1
34 2
35 2
35 1
36 1
36 2
37 2
37 1
38 1
38 2
39 2
39 1
40 1
40 2
41 2
41 1
42 1
42 0
0 0
90
0 2
1 2
1 1
2 1
2 2
3 2
3 1
4 1
4 2
5 2
5 1
6 1
6 2
7 2
7 1
8 1
8 2
9 2
9 1
10 1
10 2
11 2
11 1
12 1
12 2
13 2
13 1
14 1
14 2
15 2
15 1
16 1
16 2
17 2
17 1
18 1
18 2
19 2
19 1
20 1
20 2
21 2
21 1
22 1
22 2
23 2
23 1
24 1
24 2
25 2
25 1
26 1
26 2
27 2
27 1
28 1
28 2
29 2
29 1
30 1
30 2
31 2
31 1
32 1
32 2
33 2
33 1
34 1
34 2
35 2
35 1
36 1
36 2
37 2
37 1
38 1
38 2
39 2
39 1
40 1
40 2
41 2
41 1
42 1
42 2
43 2
43 1
44 1
44 0
0 0
94
0 2
1 2
1 1
2 1
2 2
3 2
3 1
4 1
4 2
5 2
5 1
6 1
6 2
7 2
7 1
8 1
8 2
9 2
9 1
10 1
10 2
11 2
11 1
12 1
12 2
13 2
13 1
14 1
14 2
15 2
15 1
16 1
16 2
17 2
17 1
18 1
18 2
19 2
19 1
20 1
20 2
21 2
21 1
22 1
22 2
23 2
23 1
24 1
24 2
25 2
25 1
26 1
26 2
27 2
27 1
28 1
28 2
29 2
29 1
30 1
30 2
31 2
31 1
32 1
32 2
33 2
33 1
34 1
34 2
35 2
35 1
36 1
36 2
37 2
37 1
38 1
38 2
39 2
39 1
40 1
40 2
41 2
41 1
42 1
42 2
43 2
43 1
44 1
44 2
45 2
45 1
46 1
46 0
0 0
98
0 2
1 2
1 1
2 1
2 2
3 2
3 1
4 1
4 2
5 2
5 1
6 1
6 2
7 2
7 1
8 1
8 2
9 2
9 1
10 1
10 2
11 2
11 1
12 1
12 2
13 2
13 1
14 1
14 2
15 2
15 1
16 1
16 2
17 2
17 1
18 1
18 2
19 2
19 1
20 1
20 2
21 2
21 1
22 1
22 2
23 2
23 1
24 1
24 2
25 2
25 1
26 1
26 2
27 2
27 1
28 1
28 2
29 2
29 1
30 1
30 2
31 2
31 1
32 1
32 2
33 2
33 1
34 1
34 2
35 2
35 1
36 1
36 2
37 2
37 1
38 1
38 2
39 2
39 1
40 1
40 2
41 2
41 1
42 1
42 2
43 2
43 1
44 1
44 2
45 2
45 1
46 1
46 2
47 2
47 1
48 1
48 0
0 0
4
1 0
0 0
0 1
1 1
6
2 0
0 0
0 1
1 1
1 2
2 2
8
3 0
0 0
0 1
1 1
1 2
2 2
2 3
3 3
10
4 0
0 0
0 1
1 1
1 2
2 2
2 3
3 3
3 4
4 4
12
5 0
0 0
0 1
1 1
1 2
2 2
2 3
3 3
3 4
4 4
4 5
5 5
14
6 0
0 0
0 1
1 1
1 2
2 2
2 3
3 3
3 4
4 4
4 5
5 5
5 6
6 6
16
7 0
0 0
0 1
1 1
1 2
2 2
2 3
3 3
3 4
4 4
4 5
5 5
5 6
6 6
6 7
7 7
18
8 0
0 0
0 1
1 1
1 2
2 2
2 3
3 3
3 4
4 4
4 5
5 5
5 6
6 6
6 7
7 7
7 8
8 8
20
9 0
0 0
0 1
1 1
1 2
2 2
2 3
3 3
3 4
4 4
4 5
5 5
5 6
6 6
6 7
7 7
7 8
8 8
8 9
9 9
22
10 0
0 0
0 1
1 1
1 2
2 2
2 3
3 3
3 4
4 4
4 5
5 5
5 6
6 6
6 7
7 7
7 8
8 8
8 9
9 9
9 10
10 10
24
11 0
0 0
0 1
1 1
1 2
2 2
2 3
3 3
3 4
4 4
4 5
5 5
5 6
6 6
6 7
7 7
7 8
8 8
8 9
9 9
9 10
10 10
10 11
11 11
26
12 0
0 0
0 1
1 1
1 2
2 2
2 3
3 3
3 4
4 4
4 5
5 5
5 6
6 6
6 7
7 7
7 8
8 8
8 9
9 9
9 10
10 10
10 11
11 11
11 12
12 12
28
13 0
0 0
0 1
1 1
1 2
2 2
2 3
3 3
3 4
4 4
4 5
5 5
5 6
6 6
6 7
7 7
7 8
8 8
8 9
9 9
9 10
10 10
10 11
11 11
11 12
12 12
12 13
13 13
30
14 0
0 0
0 1
1 1
1 2
2 2
2 3
3 3
3 4
4 4
4 5
5 5
5 6
6 6
6 7
7 7
7 8
8 8
8 9
9 9
9 10
10 10
10 11
11 11
11 12
12 12
12 13
13 13
13 14
14 14
32
15 0
0 0
0 1
1 1
1 2
2 2
2 3
3 3
3 4
4 4
4 5
5 5
5 6
6 6
6 7
7 7
7 8
8 8
8 9
9 9
9 10
10 10
10 11
11 11
11 12
12 12
12 13
13 13
13 14
14 14
14 15
15 15
34
16 0
0 0
0 1
1 1
1 2
2 2
2 3
3 3
3 4
4 4
4 5
5 5
5 6
6 6
6 7
7 7
7 8
8 8
8 9
9 9
9 10
10 10
10 11
11 11
11 12
12 12
12 13
13 13
13 14
14 14
14 15
15 15
15 16
16 16
36
17 0
0 0
0 1
1 1
1 2
2 2
2 3
3 3
3 4
4 4
4 5
5 5
5 6
6 6
6 7
7 7
7 8
8 8
8 9
9 9
9 10
10 10
10 11
11 11
11 12
12 12
12 13
13 13
13 14
14 14
14 15
15 15
15 16
16 16
16 17
17 17
38
18 0
0 0
0 1
1 1
1 2
2 2
2 3
3 3
3 4
4 4
4 5
5 5
5 6
6 6
6 7
7 7
7 8
8 8
8 9
9 9
9 10
10 10
10 11
11 11
11 12
12 12
12 13
13 13
13 14
14 14
14 15
15 15
15 16
16 16
16 17
17 17
17 18
18 18
40
19 0
0 0
0 1
1 1
1 2
2 2
2 3
3 3
3 4
4 4
4 5
5 5
5 6
6 6
6 7
7 7
7 8
8 8
8 9
9 9
9 10
10 10
10 11
11 11
11 12
12 12
12 13
13 13
13 14
14 14
14 15
15 15
15 16
16 16
16 17
17 17
17 18
18 18
18 19
19 19
42
20 0
0 0
0 1
1 1
1 2
2 2
2 3
3 3
3 4
4 4
4 5
5 5
5 6
6 6
6 7
7 7
7 8
8 8
8 9
9 9
9 10
10 10
10 11
11 11
11 12
12 12
12 13
13 13
13 14
14 14
14 15
15 15
15 16
16 16
16 17
17 17
17 18
18 18
18 19
19 19
19 20
20 20
44
21 0
0 0
0 1
1 1
1 2
2 2
2 3
3 3
3 4
4 4
4 5
5 5
5 6
6 6
6 7
7 7
7 8
8 8
8 9
9 9
9 10
10 10
10 11
11 11
11 12
12 12
12 13
13 13
13 14
14 14
14 15
15 15
15 16
16 16
16 17
17 17
17 18
18 18
18 19
19 19
19 20
20 20
20 21
21 21
46
22 0
0 0
0 1
1 1
1 2
2 2
2 3
3 3
3 4
4 4
4 5
5 5
5 6
6 6
6 7
7 7
7 8
8 8
8 9
9 9
9 10
10 10
10 11
11 11
11 12
12 12
12 13
13 13
13 14
14 14
14 15
15 15
15 16
16 16
16 17
17 17
17 18
18 18
18 19
19 19
19 20
20 20
20 21
21 21
21 22
22 22
48
23 0
0 0
0 1
1 1
1 2
2 2
2 3
3 3
3 4
4 4
4 5
5 5
5 6
6 6
6 7
7 7
7 8
8 8
8 9
9 9
9 10
10 10
10 11
11 11
11 12
12 12
12 13
13 13
13 14
14 14
14 15
15 15
15 16
16 16
16 17
17 17
17 18
18 18
18 19
19 19
19 20
20 20
20 21
21 21
21 22
22 22
22 23
23 23
50
24 0
0 0
0 1
1 1
1 2
2 2
2 3
3 3
3 4
4 4
4 5
5 5
5 6
6 6
6 7
7 7
7 8
8 8
8 9
9 9
9 10
10 10
10 11
11 11
11 12
12 12
12 13
13 13
13 14
14 14
14 15
15 15
15 16
16 16
16 17
17 17
17 18
18 18
18 19
19 19
19 20
20 20
20 21
21 21
21 22
22 22
22 23
23 23
23 24
24 24
52
25 0
0 0
0 1
1 1
1 2
2 2
2 3
3 3
3 4
4 4
4 5
5 5
5 6
6 6
6 7
7 7
7 8
8 8
8 9
9 9
9 10
10 10
10 11
11 11
11 12
12 12
12 13
13 13
13 14
14 14
14 15
15 15
15 16
16 16
16 17
17 17
17 18
18 18
18 19
19 19
19 20
20 20
20 21
21 21
21 22
22 22
22 23
23 23
23 24
24 24
24 25
25 25
54
26 0
0 0
0 1
1 1
1 2
2 2
2 3
3 3
3 4
4 4
4 5
5 5
5 6
6 6
6 7
7 7
7 8
8 8
8 9
9 9
9 10
10 10
10 11
11 11
11 12
12 12
12 13
13 13
13 14
14 14
14 15
15 15
15 16
16 16
16 17
17 17
17 18
18 18
18 19
19 19
19 20
20 20
20 21
21 21
21 22
22 22
22 23
23 23
23 24
24 24
24 25
25 25
25 26
26 26
56
27 0
0 0
0 1
1 1
1 2
2 2
2 3
3 3
3 4
4 4
4 5
5 5
5 6
6 6
6 7
7 7
7 8
8 8
8 9
9 9
9 10
10 10
10 11
11 11
11 12
12 12
12 13
13 13
13 14
14 14
14 15
15 15
15 16
16 16
16 17
17 17
17 18
18 18
18 19
19 19
19 20
20 20
20 21
21 21
21 22
22 22
22 23
23 23
23 24
24 24
24 25
25 25
25 26
26 26
26 27
27 27
58
28 0
0 0
0 1
1 1
1 2
2 2
2 3
3 3
3 4
4 4
4 5
5 5
5 6
6 6
6 7
7 7
7 8
8 8
8 9
9 9
9 10
10 10
10 11
11 11
11 12
12 12
12 13
13 13
13 14
14 14
14 15
15 15
15 16
16 16
16 17
17 17
17 18
18 18
18 19
19 19
19 20
20 20
20 21
21 21
21 22
22 22
22 23
23 23
23 24
24 24
24 25
25 25
25 26
26 26
26 27
27 27
27 28
28 28
60
29 0
0 0
0 1
1 1
1 2
2 2
2 3
3 3
3 4
4 4
4 5
5 5
5 6
6 6
6 7
7 7
7 8
8 8
8 9
9 9
9 10
10 10
10 11
11 11
11 12
12 12
12 13
13 13
13 14
14 14
14 15
15 15
15 16
16 16
16 17
17 17
17 18
18 18
18 19
19 19
19 20
20 20
20 21
21 21
21 22
22 22
22 23
23 23
23 24
24 24
24 25
25 25
25 26
26 26
26 27
27 27
27 28
28 28
28 29
29 29
62
30 0
0 0
0 1
1 1
1 2
2 2
2 3
3 3
3 4
4 4
4 5
5 5
5 6
6 6
6 7
7 7
7 8
8 8
8 9
9 9
9 10
10 10
10 11
11 11
11 12
12 12
12 13
13 13
13 14
14 14
14 15
15 15
15 16
16 16
16 17
17 17
17 18
18 18
18 19
19 19
19 20
20 20
20 21
21 21
21 22
22 22
22 23
23 23
23 24
24 24
24 25
25 25
25 26
26 26
26 27
27 27
27 28
28 28
28 29
29 29
29 30
30 30
64
31 0
0 0
0 1
1 1
1 2
2 2
2 3
3 3
3 4
4 4
4 5
5 5
5 6
6 6
6 7
7 7
7 8
8 8
8 9
9 9
9 10
10 10
10 11
11 11
11 12
12 12
12 13
13 13
13 14
14 14
14 15
15 15
15 16
16 16
16 17
17 17
17 18
18 18
18 19
19 19
19 20
20 20
20 21
21 21
21 22
22 22
22 23
23 23
23 24
24 24
24 25
25 25
25 26
26 26
26 27
27 27
27 28
28 28
28 29
29 29
29 30
30 30
30 31
31 31
66
32 0
0 0
0 1
1 1
1 2
2 2
2 3
3 3
3 4
4 4
4 5
5 5
5 6
6 6
6 7
7 7
7 8
8 8
8 9
9 9
9 10
10 10
10 11
11 11
11 12
12 12
12 13
13 13
13 14
14 14
14 15
15 15
15 16
16 16
16 17
17 17
17 18
18 18
18 19
19 19
19 20
20 20
20 21
21 21
21 22
22 22
22 23
23 23
23 24
24 24
24 25
25 25
25 26
26 26
26 27
27 27
27 28
28 28
28 29
29 29
29 30
30 30
30 31
31 31
31 32
32 32
68
33 0
0 0
0 1
1 1
1 2
2 2
2 3
3 3
3 4
4 4
4 5
5 5
5 6
6 6
6 7
7 7
7 8
8 8
8 9
9 9
9 10
10 10
10 11
11 11
11 12
12 12
12 13
13 13
13 14
14 14
14 15
15 15
15 16
16 16
16 17
17 17
17 18
18 18
18 19
19 19
19 20
20 20
20 21
21 21
21 22
22 22
22 23
23 23
23 24
24 24
24 25
25 25
25 26
26 26
26 27
27 27
27 28
28 28
28 29
29 29
29 30
30 30
30 31
31 31
31 32
32 32
32 33
33 33
70
34 0
0 0
0 1
1 1
1 2
2 2
2 3
3 3
3 4
4 4
4 5
5 5
5 6
6 6
6 7
7 7
7 8
8 8
8 9
9 9
9 10
10 10
10 11
11 11
11 12
12 12
12 13
13 13
13 14
14 14
14 15
15 15
15 16
16 16
16 17
17 17
17 18
18 18
18 19
19 19
19 20
20 20
20 21
21 21
21 22
22 22
22 23
23 23
23 24
24 24
24 25
25 25
25 26
26 26
26 27
27 27
27 28
28 28
28 29
29 29
29 30
30 30
30 31
31 31
31 32
32 32
32 33
33 33
33 34
34 34
72
35 0
0 0
0 1
1 1
1 2
2 2
2 3
3 3
3 4
4 4
4 5
5 5
5 6
6 6
6 7
7 7
7 8
8 8
8 9
9 9
9 10
10 10
10 11
11 11
11 12
12 12
12 13
13 13
13 14
14 14
14 15
15 15
15 16
16 16
16 17
17 17
17 18
18 18
18 19
19 19
19 20
20 20
20 21
21 21
21 22
22 22
22 23
23 23
23 24
24 24
24 25
25 25
25 26
26 26
26 27
27 27
27 28
28 28
28 29
29 29
29 30
30 30
30 31
31 31
31 32
32 32
32 33
33 33
33 34
34 34
34 35
35 35
74
36 0
0 0
0 1
1 1
1 2
2 2
2 3
3 3
3 4
4 4
4 5
5 5
5 6
6 6
6 7
7 7
7 8
8 8
8 9
9 9
9 10
10 10
10 11
11 11
11 12
12 12
12 13
13 13
13 14
14 14
14 15
15 15
15 16
16 16
16 17
17 17
17 18
18 18
18 19
19 19
19 20
20 20
20 21
21 21
21 22
22 22
22 23
23 23
23 24
24 24
24 25
25 25
25 26
26 26
26 27
27 27
27 28
28 28
28 29
29 29
29 30
30 30
30 31
31 31
31 32
32 32
32 33
33 33
33 34
34 34
34 35
35 35
35 36
36 36
76
37 0
0 0
0 1
1 1
1 2
2 2
2 3
3 3
3 4
4 4
4 5
5 5
5 6
6 6
6 7
7 7
7 8
8 8
8 9
9 9
9 10
10 10
10 11
11 11
11 12
12 12
12 13
13 13
13 14
14 14
14 15
15 15
15 16
16 16
16 17
17 17
17 18
18 18
18 19
19 19
19 20
20 20
20 21
21 21
21 22
22 22
22 23
23 23
23 24
24 24
24 25
25 25
25 26
26 26
26 27
27 27
27 28
28 28
28 29
29 29
29 30
30 30
30 31
31 31
31 32
32 32
32 33
33 33
33 34
34 34
34 35
35 35
35 36
36 36
36 37
37 37
78
38 0
0 0
0 1
1 1
1 2
2 2
2 3
3 3
3 4
4 4
4 5
5 5
5 6
6 6
6 7
7 7
7 8
8 8
8 9
9 9
9 10
10 10
10 11
11 11
11 12
12 12
12 13
13 13
13 14
14 14
14 15
15 15
15 16
16 16
16 17
17 17
17 18
18 18
18 19
19 19
19 20
20 20
20 21
21 21
21 22
22 22
22 23
23 23
23 24
24 24
24 25
25 25
25 26
26 26
26 27
27 27
27 28
28 28
28 29
29 29
29 30
30 30
30 31
31 31
31 32
32 32
32 33
33 33
33 34
34 34
34 35
35 35
35 36
36 36
36 37
37 37
37 38
38 38
80
39 0
0 0
0 1
1 1
1 2
2 2
2 3
3 3
3 4
4 4
4 5
5 5
5 6
6 6
6 7
7 7
7 8
8 8
8 9
9 9
9 10
10 10
10 11
11 11
11 12
12 12
12 13
13 13
13 14
14 14
14 15
15 15
15 16
16 16
16 17
17 17
17 18
18 18
18 19
19 19
19 20
20 20
20 21
21 21
21 22
22 22
22 23
23 23
23 24
24 24
24 25
25 25
25 26
26 26
26 27
27 27
27 28
28 28
28 29
29 29
29 30
30 30
30 31
31 31
31 32
32 32
32 33
33 33
33 34
34 34
34 35
35 35
35 36
36 36
36 37
37 37
37 38
38 38
38 39
39 39
82
40 0
0 0
0 1
1 1
1 2
2 2
2 3
3 3
3 4
4 4
4 5
5 5
5 6
6 6
6 7
7 7
7 8
8 8
8 9
9 9
9 10
10 10
10 11
11 11
11 12
12 12
12 13
13 13
13 14
14 14
14 15
15 15
15 16
16 16
16 17
17 17
17 18
18 18
18 19
19 19
19 20
20 20
20 21
21 21
21 22
22 22
22 23
23 23
23 24
24 24
24 25
25 25
25 26
26 26
26 27
27 27
27 28
28 28
28 29
29 29
29 30
30 30
30 31
31 31
31 32
32 32
32 33
33 33
33 34
34 34
34 35
35 35
35 36
36 36
36 37
37 37
37 38
38 38
38 39
39 39
39 40
40 40
84
41 0
0 0
0 1
1 1
1 2
2 2
2 3
3 3
3 4
4 4
4 5
5 5
5 6
6 6
6 7
7 7
7 8
8 8
8 9
9 9
9 10
10 10
10 11
11 11
11 12
12 12
12 13
13 13
13 14
14 14
14 15
15 15
15 16
16 16
16 17
17 17
17 18
18 18
18 19
19 19
19 20
20 20
20 21
21 21
21 22
22 22
22 23
23 23
23 24
24 24
24 25
25 25
25 26
26 26
26 27
27 27
27 28
28 28
28 29
29 29
29 30
30 30
30 31
31 31
31 32
32 32
32 33
33 33
33 34
34 34
34 35
35 35
35 36
36 36
36 37
37 37
37 38
38 38
38 39
39 39
39 40
40 40
40 41
41 41
86
42 0
0 0
0 1
1 1
1 2
2 2
2 3
3 3
3 4
4 4
4 5
5 5
5 6
6 6
6 7
7 7
7 8
8 8
8 9
9 9
9 10
10 10
10 11
11 11
11 12
12 12
12 13
13 13
13 14
14 14
14 15
15 15
15 16
16 16
16 17
17 17
17 18
18 18
18 19
19 19
19 20
20 20
20 21
21 21
21 22
22 22
22 23
23 23
23 24
24 24
24 25
25 25
25 26
26 26
26 27
27 27
27 28
28 28
28 29
29 29
29 30
30 30
30 31
31 31
31 32
32 32
32 33
33 33
33 34
34 34
34 35
35 35
35 36
36 36
36 37
37 37
37 38
38 38
38 39
39 39
39 40
40 40
40 41
41 41
41 42
42 42
88
43 0
0 0
0 1
1 1
1 2
2 2
2 3
3 3
3 4
4 4
4 5
5 5
5 6
6 6
6 7
7 7
7 8
8 8
8 9
9 9
9 10
10 10
10 11
11 11
11 12
12 12
12 13
13 13
13 14
14 14
14 15
15 15
15 16
16 16
16 17
17 17
17 18
18 18
18 19
19 19
19 20
20 20
20 21
21 21
21 22
22 22
22 23
23 23
23 24
24 24
24 25
25 25
25 26
26 26
26 27
27 27
27 28
28 28
28 29
29 29
29 30
30 30
30 31
31 31
31 32
32 32
32 33
33 33
33 34
34 34
34 35
35 35
35 36
36 36
36 37
37 37
37 38
38 38
38 39
39 39
39 40
40 40
40 41
41 41
41 42
42 42
42 43
43 43
90
44 0
0 0
0 1
1 1
1 2
2 2
2 3
3 3
3 4
4 4
4 5
5 5
5 6
6 6
6 7
7 7
7 8
8 8
8 9
9 9
9 10
10 10
10 11
11 11
11 12
12 12
12 13
13 13
13 14
14 14
14 15
15 15
15 16
16 16
16 17
17 17
17 18
18 18
18 19
19 19
19 20
20 20
20 21
21 21
21 22
22 22
22 23
23 23
23 24
24 24
24 25
25 25
25 26
26 26
26 27
27 27
27 28
28 28
28 29
29 29
29 30
30 30
30 31
31 31
31 32
32 32
32 33
33 33
33 34
34 34
34 35
35 35
35 36
36 36
36 37
37 37
37 38
38 38
38 39
39 39
39 40
40 40
40 41
41 41
41 42
42 42
42 43
43 43
43 44
44 44
92
45 0
0 0
0 1
1 1
1 2
2 2
2 3
3 3
3 4
4 4
4 5
5 5
5 6
6 6
6 7
7 7
7 8
8 8
8 9
9 9
9 10
10 10
10 11
11 11
11 12
12 12
12 13
13 13
13 14
14 14
14 15
15 15
15 16
16 16
16 17
17 17
17 18
18 18
18 19
19 19
19 20
20 20
20 21
21 21
21 22
22 22
22 23
23 23
23 24
24 24
24 25
25 25
25 26
26 26
26 27
27 27
27 28
28 28
28 29
29 29
29 30
30 30
30 31
31 31
31 32
32 32
32 33
33 33
33 34
34 34
34 35
35 35
35 36
36 36
36 37
37 37
37 38
38 38
38 39
39 39
39 40
40 40
40 41
41 41
41 42
42 42
42 43
43 43
43 44
44 44
44 45
45 45
94
46 0
0 0
0 1
1 1
1 2
2 2
2 3
3 3
3 4
4 4
4 5
5 5
5 6
6 6
6 7
7 7
7 8
8 8
8 9
9 9
9 10
10 10
10 11
11 11
11 12
12 12
12 13
13 13
13 14
14 14
14 15
15 15
15 16
16 16
16 17
17 17
17 18
18 18
18 19
19 19
19 20
20 20
20 21
21 21
21 22
22 22
22 23
23 23
23 24
24 24
24 25
25 25
25 26
26 26
26 27
27 27
27 28
28 28
28 29
29 29
29 30
30 30
30 31
31 31
31 32
32 32
32 33
33 33
33 34
34 34
34 35
35 35
35 36
36 36
36 37
37 37
37 38
38 38
38 39
39 39
39 40
40 40
40 41
41 41
41 42
42 42
42 43
43 43
43 44
44 44
44 45
45 45
45 46
46 46
96
47 0
0 0
0 1
1 1
1 2
2 2
2 3
3 3
3 4
4 4
4 5
5 5
5 6
6 6
6 7
7 7
7 8
8 8
8 9
9 9
9 10
10 10
10 11
11 11
11 12
12 12
12 13
13 13
13 14
14 14
14 15
15 15
15 16
16 16
16 17
17 17
17 18
18 18
18 19
19 19
19 20
20 20
20 21
21 21
21 22
22 22
22 23
23 23
23 24
24 24
24 25
25 25
25 26
26 26
26 27
27 27
27 28
28 28
28 29
29 29
29 30
30 30
30 31
31 31
31 32
32 32
32 33
33 33
33 34
34 34
34 35
35 35
35 36
36 36
36 37
37 37
37 38
38 38
38 39
39 39
39 40
40 40
40 41
41 41
41 42
42 42
42 43
43 43
43 44
44 44
44 45
45 45
45 46
46 46
46 47
47 47
98
48 0
0 0
0 1
1 1
1 2
2 2
2 3
3 3
3 4
4 4
4 5
5 5
5 6
6 6
6 7
7 7
7 8
8 8
8 9
9 9
9 10
10 10
10 11
11 11
11 12
12 12
12 13
13 13
13 14
14 14
14 15
15 15
15 16
16 16
16 17
17 17
17 18
18 18
18 19
19 19
19 20
20 20
20 21
21 21
21 22
22 22
22 23
23 23
23 24
24 24
24 25
25 25
25 26
26 26
26 27
27 27
27 28
28 28
28 29
29 29
29 30
30 30
30 31
31 31
31 32
32 32
32 33
33 33
33 34
34 34
34 35
35 35
35 36
36 36
36 37
37 37
37 38
38 38
38 39
39 39
39 40
40 40
40 41
41 41
41 42
42 42
42 43
43 43
43 44
44 44
44 45
45 45
45 46
46 46
46 47
47 47
47 48
48 48
100
49 0
0 0
0 1
1 1
1 2
2 2
2 3
3 3
3 4
4 4
4 5
5 5
5 6
6 6
6 7
7 7
7 8
8 8
8 9
9 9
9 10
10 10
10 11
11 11
11 12
12 12
12 13
13 13
13 14
14 14
14 15
15 15
15 16
16 16
16 17
17 17
17 18
18 18
18 19
19 19
19 20
20 20
20 21
21 21
21 22
22 22
22 23
23 23
23 24
24 24
24 25
25 25
25 26
26 26
26 27
27 27
27 28
28 28
28 29
29 29
29 30
30 30
30 31
31 31
31 32
32 32
32 33
33 33
33 34
34 34
34 35
35 35
35 36
36 36
36 37
37 37
37 38
38 38
38 39
39 39
39 40
40 40
40 41
41 41
41 42
42 42
42 43
43 43
43 44
44 44
44 45
45 45
45 46
46 46
46 47
47 47
47 48
48 48
48 49
49 49
0