1 2202 7143
1 9331 4401
1 1786 1454
2 3316 6442
4 1838 9037
4 4682 5517
8 2351 557
9 8515 8585
11 5282 8984
12 6950 7565
15 6593 2103
17 598 166
19 8884 1818
20 5781 1771
23 6318 1173
24 278 4096
26 9969 9904
27 3369 4428
28 4243 5920
30 4927 3138
30 5317 3436
31 9370 7095
32 20 4656
33 1212 9985
38 3872 2209
40 6678 8693
40 7759 2717
42 9643 7195
43 4085 3725
44 8000 8965
46 180 2060
46 5257 1279
46 4465 2791
47 9886 9715
52 9533 2417
52 4829 329
54 4848 6650
55 8939 5627
56 8787 2135
56 596 2339
57 7551 9866
57 759 1408
57 8125 3773
58 8529 179
59 2305 5943
60 973 7665
62 2452 2806
64 699 5440
67 5341 2263
70 7610 7028
71 7506 7455
72 1244 8988
74 3102 8475
76 5699 9530
79 7584 7546
83 9048 5531
84 8324 5062
85 3607 9229
88 4984 8092
94 9505 7730
98 4495 1767
101 4780 8839
104 702 9561
105 7421 9706
106 4626 7020
106 5328 3757
107 4074 2484
109 1198 5118
112 275 5806
113 967 676
114 3526 1385
115 1575 4278
117 5044 6537
118 585 8728
120 8802 627
122 9600 8523
124 5050 3983
126 5645 6678
126 8826 2543
129 1928 2368
135 4057 3839
136 2627 2294
140 695 1230
143 4160 3319
144 9434 8330
145 5733 4152
145 2937 1930
146 91 4531
149 9675 7617
151 1103 2802
153 5642 3611
154 546 4892
156 4028 6301
162 6961 9873
164 3479 6409
165 9898 3896
165 2601 2813
165 8883 5646
171 4307 1306
174 252 3147
175 6890 597
176 2437 5574
177 8088 3418
187 4070 7852
191 8660 1724
191 1566 5108
192 1706 8582
195 4104 604
199 6694 7935
202 9311 3620
205 2547 1446
207 7671 592
214 817 3474
217 6036 8479
218 9628 9257
220 2550 6317
220 6351 3175
228 6524 4371
231 3607 4962
232 2905 6441
234 9032 9090
234 8032 3494
235 1884 9658
241 1609 9142
241 4765 2679
242 5673 1243
247 4218 5785
255 7171 6209
257 658 5591
257 7369 8145
258 7658 8409
259 5195 2991
260 2444 9071
261 1839 4777
262 6670 3227
262 4456 3196
265 8920 6649
266 2826 7967
268 6914 7796
268 5546 7071
269 2179 4621
280 9293 7101
281 8713 8311
284 4946 2930
287 954 7954
290 8869 861
292 9630 4178
299 1076 5238
303 206 2734
304 3702 1435
305 1258 1476
306 1625 584
313 1431 6405
314 5056 1094
314 6178 9763
315 7591 2116
318 7969 4310
320 8537 8011
324 6514 337
326 4774 9430
329 5008 4215
329 1700 6105
331 7723 3682
332 9900 7681
334 6732 791
335 1307 1356
336 3072 1673
341 1354 3503
341 3561 1154
342 4529 2353
343 2412 7575
345 1386 6113
346 708 1045
348 1128 9422
349 4556 1071
353 4558 5765
357 9009 4518
362 5479 9641
362 104 4034
368 6754 3478
370 4023 6039
373 4776 1655
378 1096 4839
380 4637 4457
380 3240 7911
381 1919 7507
382 5489 899
382 3632 3266
384 708 4582
384 3227 2412
387 6112 7202
387 5857 3757
389 3427 5803
390 5384 4562
403 7946 4073
404 9248 5310
405 9473 2556
405 2768 7066
405 2705 2378
406 5610 9348
406 8235 9877
409 6859 1857
415 2419 5525
421 5710 4393
423 9231 5971
424 8603 6973
427 6866 7232
429 1229 8843
429 1995 8674
430 1411 980
431 4459 8728
433 4946 3984
435 327 9274
435 3412 2098
439 5546 9059
440 4388 7720
441 9746 3508
443 8627 4246
444 2697 3669
450 4270 5860
452 6011 8244
452 6947 7503
453 1737 5361
457 5893 8796
460 2537 3186
460 3375 8043
464 5692 2080
467 4605 8076
470 9432 8424
471 5448 8742
474 5524 8415
478 2974 6477
479 7542 9929
479 2773 4296
479 6146 7776
482 4761 6563
485 9272 2674
485 8959 8778
488 9118 7730
490 4793 6840
490 4769 2474
494 2585 2498
496 5292 4910
502 2575 2555
503 5670 4872
503 2643 9345
506 5009 8882
507 7874 4820
507 723 9648
510 5615 6278
513 616 7762
516 1678 1972
517 6542 1022
522 3460 5246
524 8958 4486
526 4095 3698
526 257 7836
526 9928 8513
529 6332 4328
529 6072 6476
530 8008 3769
530 6616 4759
532 7097 5658
536 8036 5180
539 4326 2468
540 9152 3462
540 5900 2231
540 3068 790
541 2894 3522
546 4841 1521
546 2579 7933
547 3669 8298
551 9574 1452
553 2011 2039
554 1615 7688
556 3196 5249
558 9237 5886
561 8749 2745
564 4858 5115
566 6688 7652
575 3191 2552
578 1011 2750
579 3169 9799
585 964 4745
593 1657 4674
593 9166 8991
595 7926 933
596 4942 1688
600 2580 6078
600 6300 1931
601 2448 2308
602 2381 5454
605 1487 6819
606 9083 2940
607 6992 3974
607 7376 3440
607 3021 5307
608 5305 5469
612 4537 3967
616 6341 7785
616 6904 7680
617 3437 692
621 1265 6962
623 2209 4981
626 7892 6823
627 5817 7938
628 790 823
631 8645 4066
631 5548 1022
632 5420 2690
633 4450 3177
633 5375 8919
633 7140 4568
633 7087 8405
635 8673 2398
636 2767 641
636 8569 3468
637 4318 5668
644 3684 9154
645 4624 3235
650 7840 2801
652 5948 4781
652 2366 3459
654 6468 3643
654 886 2295
655 4925 9948
656 7297 5318
660 6794 1169
662 2902 4223
664 9621 5364
670 8398 7124
673 3915 2723
674 9687 903
675 8382 9463
675 4855 2280
677 6670 793
679 2897 7076
687 7793 3870
693 1643 9092
694 3637 5884
694 3338 1370
694 8035 898
696 1144 2706
698 3279 958
700 408 2018
706 197 5956
706 6056 8632
707 716 6845
708 7774 6813
709 168 2300
709 4474 4728
711 9669 3080
712 4442 6350
712 2336 9491
718 2418 7421
721 4479 5886
723 7582 8140
723 2424 7037
723 2597 8804
725 4696 4074
725 5200 2728
727 5127 6592
728 9401 865
730 70 1316
730 1126 2022
733 1158 2191
733 7593 1725
734 2720 6673
735 3893 1076
738 1342 7806
742 2234 3454
744 4297 2621
745 6088 3830
750 5036 2525
753 7958 1342
754 9161 3060
759 4147 2429
761 1556 4468
762 6253 1991
764 2230 8591
766 3031 867
769 2884 9705
772 7207 3482
778 5540 6511
780 8171 4878
781 3679 1585
782 4141 5513
784 5988 7837
785 2143 5316
785 4708 2046
786 6334 9774
787 2333 5712
787 5323 9968
787 4246 9990
788 3602 3761
793 2123 9706
793 993 7050
795 3231 5848
801 1655 2068
808 3876 7221
822 1592 6713
826 2425 2061
828 3244 7958
829 7358 8852
829 4449 8363
831 4530 8991
831 1412 3154
834 9629 6647
835 7752 9776
836 8861 2602
836 7969 3499
838 7103 6055
841 1942 3148
844 8839 4077
846 7448 7735
846 7425 4399
846 7391 5623
848 4645 2587
848 3886 2988
849 5923 996
851 4039 1978
854 6616 6813
858 7961 2744
859 6487 3874
862 805 8244
865 8836 2172
868 5102 5354
872 2995 1128
872 3578 2177
873 7434 8107
874 4310 4027
874 3831 1015
878 8213 4562
878 2494 1846
883 4708 2404
887 2356 2047
889 8869 1254
890 8368 4134
891 8463 9053
897 4595 9259
898 8839 8323
899 7075 6677
899 123 8982
901 5902 8402
903 819 9794
906 6891 8063
906 7027 4562
907 4591 7243
907 503 3703
908 403 9103
911 4277 5658
912 5356 7853
912 4533 5572
917 798 3078
919 6072 5865
919 7120 5789
919 4722 6980
928 2982 4226
928 3324 1986
930 8201 6452
931 8996 6340
932 3478 4480
932 201 1966
933 2928 3478
933 1090 6764
937 1271 2760
938 8961 8689
940 6616 3770
941 5596 6562
941 2101 9680
943 2435 5529
943 8411 9122
943 6872 5075
944 1545 2329
947 7919 3361
951 3537 3327
953 8909 5900
956 3481 9051
958 143 7242
962 5598 4749
963 7827 3257
966 4573 1695
968 5101 8804
970 1671 3944
970 356 6323
972 3972 8592
978 8735 6344
980 9414 3859
981 9072 9128
985 3152 7786
988 7085 7860
993 2329 3020
993 4436 2482
994 9463 3831
996 5590 7601
1000 9917 8590
1001 8439 4126
1002 3357 5502
1003 1638 6974
1006 7326 3306
1007 8953 2759
1010 5818 3107
1019 8739 4721
1023 9108 3067
1027 2631 3880
1032 6764 5335
1034 4248 5545
1035 9073 2203
1035 3189 9111
1037 8984 8232
1038 7184 8874
1038 274 8746
1043 6123 9037
1043 3454 2437
1050 1567 9738
1051 5341 3995
1054 80 4305
1056 1379 2983
1060 9477 3616
1060 3304 5847
1063 9692 3390
1065 8775 3324
1065 6219 9642
1070 5089 9908
1071 7192 9390
1073 4443 6457
1075 6482 3666
1076 1253 6197
1077 4481 8971
1078 2435 9122
1080 1640 6048
1080 1931 4829
1086 7061 2116
1087 8699 2905
1089 6724 1166
1092 1173 8262
1094 3113 8631
1095 2334 7143
1096 9539 3659
1100 4758 4720
1101 9589 9454
1103 941 1732
1104 1204 7732
1104 7972 8763
1105 2673 8340
1108 8917 4035
1108 6912 3350
1109 2951 8375
1111 5820 3420
1116 4760 2944
1117 8219 2725
1117 1992 1516
1118 5900 7188
1120 8040 4558
1122 9685 3051
1124 3305 9148
1125 3839 9390
1126 1789 9841
1126 899 3792
1128 4479 3144
1130 4874 6470
1131 8931 8095
1140 6337 6811
1141 8894 5170
1143 9954 1586
1144 5784 7092
1144 5940 4050
1145 2342 4953
1146 1030 7911
1146 1466 6941
1147 3569 8985
1150 3506 8650
1159 318 8257
1161 8113 4141
1162 5835 2011
1164 4860 6224
1164 2297 7727
1164 987 5355
1165 36 4701
1167 1591 3733
1167 6518 1411
1168 4435 8728
1172 7570 9574
1178 9120 9465
1183 5446 6407
1184 2254 7518
1186 8048 9491
1188 9063 3192
1191 9122 8841
1191 2092 6852
1192 6674 2809
1196 2262 3394
1199 5855 3582
1206 3967 4214
1207 8332 4672
1210 7157 3666
1211 7804 5285
1212 3094 1514
1212 6140 8375
1212 1861 8662
1212 3358 6227
1213 5268 1317
1213 2800 1751
1215 3054 6790
1217 1818 5447
1217 9988 1941
1218 975 6454
1219 6330 6074
1221 5007 3172
1222 5410 1788
1226 8044 4500
1226 1609 3256
1230 842 6926
1232 4955 3435
1232 3838 3141
1233 7410 2655
1233 7985 5330
1234 1574 1918
1234 980 1578
1238 6683 3961
1239 6011 4744
1244 3462 9884
1246 4134 1436
1249 6080 9734
1249 3289 6258
1251 6479 8404
1254 2999 4574
1257 6529 5310
1259 4267 1634
1260 7621 2351
1261 5635 9517
1264 6779 8098
1265 7926 5218
1274 5736 6652
1280 3570 4732
1280 479 3378
1283 5625 5955
1283 9549 8714
1287 5444 9701
1287 8879 4290
1288 530 1748
1289 6023 7392
1294 7663 6623
1294 2803 9700
1295 4967 6972
1298 687 3533
1298 7389 6768
1298 9898 9875
1298 2013 6073
1299 6329 5722
1301 3453 2349
1303 7910 9715
1305 5507 1463
1306 3061 5184
1314 6905 4117
1316 4253 3166
1318 3937 1887
1322 1126 2606
1325 993 2997
1325 1239 9929
1328 4062 8623
1330 7676 4275
1334 4038 7264
1336 9512 4628
1339 3977 8990
1340 909 8136
1343 8553 2881
1346 6701 7761
1348 3498 8078
1349 2964 3407
1354 5192 8079
1354 4559 7817
1354 1385 6983
1357 6434 7154
1359 7255 1849
1360 2614 9263
1362 7663 9239
1365 9208 7492
1369 131 2427
1370 4274 8591
1374 6628 7098
1377 1216 6501
1382 6015 3227
1383 1988 3050
1384 4966 7097
1385 2171 5917
1385 6138 4271
1386 8113 8469
1387 3890 8090
1388 6736 9025
1389 929 8231
1389 5541 7076
1389 834 8969
1390 8704 9047
1390 9496 7057
1394 1228 3643
1394 2138 7035
1396 2217 8198
1398 5363 4919
1399 4990 1746
1400 2683 5824
1400 3893 8707
1402 6474 3108
1403 1022 6274
1405 6450 4000
1407 6266 8220
1410 1453 7090
1411 360 9463
1413 3707 9078
1413 5745 6938
1415 4709 6138
1415 3212 9526
1419 9719 8157
1420 9640 8631
1421 6094 6149
1421 8981 6296
1423 4713 2131
1423 1705 9771
1425 7810 7416
1427 7402 8306
1430 3131 7374
1436 8374 5997
1442 2692 8763
1442 5720 8995
1443 4892 2506
1447 6237 6623
1452 4669 9711
1454 8291 6098
1454 3246 2957
1456 7671 1461
1457 7489 6247
1460 7507 3277
1460 7288 9607
1463 206 3440
1465 851 1681
1466 5426 4799
1467 5550 9752
1471 158 6658
1475 4538 6786
1475 327 8832
1477 4813 8006
1479 4729 6328
1483 1470 9371
1485 6416 2416
1485 8162 6938
1486 4206 2794
1486 9155 1770
1486 4427 2946
1490 2136 5925
1490 5294 3276
1492 3316 2119
1494 5016 6596
1495 24 9211
1497 559 1703
1499 2405 2616
1500 2713 2493
1502 5212 6301
1508 4966 5317
1510 2698 6281
1512 7560 7146
1512 9759 7593
1515 7841 3120
1518 9290 1576
1525 8893 2291
1528 5773 8886
1529 3570 9184
1532 5943 2920
1534 5577 6827
1543 5653 2024
1551 9335 6931
1551 9072 6311
1552 5266 4857
1555 8666 5830
1556 7972 8081
1557 3051 8230
1560 97 3462
1562 1593 8481
1563 1984 4233
1565 4745 8171
1570 4643 9415
1570 3190 6446
1571 2933 3855
1572 9822 9137
1572 9340 5963
1574 4055 1981
1574 6023 1942
1575 3431 7212
1575 9898 1850
1576 7109 5556
1583 8183 2462
1587 8371 8140
1587 458 4603
1589 1258 7905
1589 7754 5890
1589 1702 7046
1590 3999 7739
1591 623 2393
1599 6133 9587
1601 2630 9922
1604 6905 4768
1606 2781 9864
1618 9819 1844
1618 7611 2692
1620 563 8323
1621 3872 9460
1622 7043 3512
1622 9436 7362
1623 6896 6342
1623 6961 9678
1624 5843 3047
1624 5129 5462
1626 7138 9042
1630 9507 5635
1630 5641 3020
1631 408 8117
1643 1976 5928
1644 4338 7405
1645 7793 5899
1645 3876 9108
1646 4911 7789
1647 7617 2721
1648 7551 9607
1648 517 1667
1656 881 7707
1656 594 2716
1658 7367 9636
1663 245 2224
1664 6060 5560
1665 4852 9308
1667 884 1915
1668 8800 9095
1669 9906 4400
1669 7348 6521
1670 1404 5194
1674 6386 6904
1675 2432 2259
1677 3541 8042
1683 914 6933
1685 8635 9208
1685 7656 3093
1689 5907 3312
1689 5062 9635
1699 4396 9935
1700 8515 6085
1700 2453 7012
1705 5715 5958
1705 9349 6147
1706 9810 3949
1709 2334 6102
1709 6571 3945
1709 4710 6280
1710 8895 4271
1712 886 6085
1714 8929 9674
1715 2550 2595
1717 2661 5461
1720 5322 3361
1722 2436 3725
1722 1753 8836
1723 2915 3068
1725 6659 5095
1725 2402 3018
1726 3 7266
1726 6956 4141
1728 9738 5734
1728 6952 4715
1730 8137 8800
1730 660 3257
1731 9352 8973
1731 1694 6163
1733 3743 6179
1734 722 4935
1739 4910 4674
1739 5421 5056
1739 1706 4761
1743 9365 8593
1748 3767 8266
1748 6444 9209
1749 1805 4422
1751 9709 2178
1752 3636 3010
1753 1224 7442
1756 3629 9442
1758 6203 8988
1760 5692 6693
1762 2852 9919
1763 8758 7303
1763 443 9847
1765 2695 7182
1772 7881 2077
1772 3519 4073
1773 6774 4286
1773 7414 5557
1774 9306 4216
1775 5910 8267
1778 700 5898
1785 1252 9857
1786 6212 7802
1796 7996 8913
1797 8941 7700
1797 3418 3155
1799 4393 3783
1800 9956 8764
1801 9302 3734
1802 9060 5969
1805 1245 7645
1805 2089 7453
1807 5703 8449
1809 1995 8820
1810 219 6082
1812 6169 8934
1813 2637 8204
1815 5466 7431
1817 5507 9752
1818 2680 4101
1819 4950 6635
1820 4593 6740
1821 5054 5413
1821 9590 9874
1822 2358 9412
1823 4784 3438
1825 8041 8349
1826 3534 9256
1827 2312 5451
1828 7718 8867
1829 4501 9236
1829 3881 9544
1831 1075 2091
1831 8347 3981
1836 4680 2607
1836 4524 3720
1837 769 7946
1843 8094 4956
1852 146 7076
1853 8965 3728
1855 938 9763
1862 8920 6517
1863 4226 5245
1863 9098 7720
1865 2323 3542
1867 4219 3790
1867 9057 4053
1868 8833 2745
1874 8540 3302
1878 4027 7393
1881 9230 6365
1885 3452 7219
1888 4431 6646
1890 3064 7008
1891 7213 9747
1894 4371 6707
1896 804 9590
1896 9320 8436
1896 2328 3013
1897 8867 4371
1902 2898 5581
1907 2546 6285
1911 2715 4325
1914 4991 8521
1916 7356 8784
1917 5558 8807
1918 4371 1971
1918 6523 3079
1919 114 9502
1919 5984 4236
1921 3847 2344
1922 6966 2920
1925 6266 5775
1928 933 7383
1934 3254 5518
1935 9292 6173
1936 1337 5975
1936 5390 8589
1940 4938 2742
1947 8366 6318
1948 2801 4145
1948 9798 4204
1949 9562 6273
1950 4474 5046
1951 6837 6589
1953 4436 6793
1954 5399 7066
1956 4537 9849
1957 3081 8665
1962 8942 2682
1962 177 2685
1962 7384 4665
1966 2203 2249
1966 1103 4139
1966 9196 4055
1967 2529 6572
1967 1189 8436
1974 2567 3166
1976 2944 8023
1978 1554 5861
1981 9361 2201
1986 2563 4452
1991 7059 3035
1993 5214 2404
1994 8741 3181
2000 1980 7133
2001 6891 6027
2005 6174 4207
2009 2040 8486
2010 1616 9217
2015 2373 6367
2016 1839 8259
2018 9285 5137
2022 2921 6883
2023 9826 6761
2027 7770 9593
2028 5520 9023
2030 3256 3061
2031 332 3263
2031 732 6680
2032 2833 6330
2045 2545 2319
2046 4541 3852
2047 3264 6405
2052 6513 9853
2053 3027 6884
2061 4644 6250
2063 6954 8342
2064 5529 3647
2065 9836 8154
2065 4711 4669
2065 5995 5752
2065 9163 7293
2066 6890 5658
2067 9678 9844
2069 5427 9741
2069 3063 3560
2070 8310 6809
2071 5361 6177
2075 801 6484
2076 2805 5092
2076 3855 7004
2078 309 4478
2083 7169 7434
2083 6624 9136
2084 1621 3762
2085 2098 5736
2089 5423 5550
2090 2641 6427
2090 2219 8622
2090 2799 6794
2090 2225 6346
2092 3025 3574
2093 7615 3303
2097 9797 8085
2097 1482 5130
2097 3873 5780
2108 4347 5583
2109 7732 5464
2109 4380 4574
2112 5961 9656
2113 4026 5745
2116 4285 8855
2117 8402 3220
2117 7999 4883
2119 654 8349
2120 8171 8994
2124 9903 9535
2124 1253 8501
2127 4238 8291
2131 5665 9215
2131 5674 8385
2135 6022 5166
2138 7817 7613
2140 5249 8731
2141 7061 2372
2145 5997 6222
2146 3873 7511
2148 8852 8121
2151 2998 2503
2153 6999 6023
2154 1793 4505
2154 2444 2860
2155 1255 8928
2155 5339 8145
2156 4184 4773
2158 1233 5041
2160 4166 7497
2162 454 5015
2166 3297 4170
2167 8073 8178
2167 1967 5279
2172 7538 2404
2172 2282 4105
2173 9131 5189
2175 2680 3920
2180 2538 7259
2180 3412 9348
2184 5892 7440
2184 4355 6576
2185 4540 7397
2187 6002 8898
2187 7221 6829
2189 3351 5446
2195 8422 4808
2196 1723 5345
2201 9823 9220
2203 2706 9113
2204 2871 7362
2206 9326 8742
2208 9571 6282
2208 1306 4888
2211 351 9962
2218 8665 5939
2219 5024 8402
2219 343 8881
2219 8908 4315
2220 8377 2381
2228 6241 3956
2231 4231 2984
2237 7492 9671
2239 9637 9249
2245 7589 5849
2246 7768 5674
2247 3061 9466
2248 6725 8482
2249 3413 3089
2249 5997 5657
2250 6649 4459
2255 3043 6460
2256 9113 6427
2256 5863 3157
2256 4325 7394
2256 3343 4054
2257 2727 3636
2258 3402 5719
2259 4202 3050
2260 9567 6051
2263 4964 8185
2264 3471 7384
2269 8276 6037
2276 9339 6265
2276 2961 4093
2278 6848 2846
2280 9686 2661
2282 8665 3640
2283 3232 2969
2284 8534 3421
2285 7655 5579
2286 9928 6149
2287 7594 3329
2289 72 5658
2289 4265 8831
2289 3306 4171
2290 2738 3854
2290 88 4764
2291 4197 5075
2291 5175 6929
2296 5620 8094
2298 7667 8674
2299 180 4447
2300 6802 3741
2300 9077 4894
2301 936 7022
2305 7693 8146
2308 6481 3138
2309 44 4308
2312 6301 3311
2312 8918 8419
2315 2793 8849
2320 6156 5652
2321 883 5343
2322 3268 9184
2322 8139 2853
2326 7504 2866
2330 7691 5769
2333 4923 3681
2336 2621 4353
2336 2226 6206
2338 9578 4809
2339 494 7788
2347 457 9420
2348 2862 3804
2348 4228 8666
2350 7171 5588
2352 956 5355
2353 7226 9754
2354 1122 4656
2355 9701 7648
2355 4230 6051
2356 8062 9058
2358 616 6936
2359 9982 6950
2362 1415 9476
2364 8325 7709
2367 8106 5055
2367 7581 3186
2368 6461 4095
2370 5688 6925
2372 8386 8720
2374 1721 6616
2374 3948 2658
2376 2693 2381
2376 7184 2456
2380 2560 5898
2381 3107 6480
2382 8912 4544
2385 856 8054
2385 5198 6766
2385 5576 5797
2385 9680 8257
2386 6235 4036
2388 5397 7106
2388 1699 4703
2390 5502 7387
2394 4889 5148
2394 8256 2881
2398 6673 5634
2403 7752 6018
2403 2470 3872
2405 5553 9382
2414 890 9617
2415 9847 6186
2418 8414 5097
2426 5036 8803
2427 3918 3761
2428 8312 2828
2428 9009 4597
2429 7439 6815
2429 7521 7870
2433 4917 3272
2434 2210 2669
2439 510 2614
2446 6888 6803
2447 3279 4198
2450 361 9458
2452 1376 2836
2453 6524 8366
2457 1231 3187
2458 2936 7747
2459 8528 2736
2463 5130 9788
2465 9053 7791
2469 4986 4301
2471 1484 4109
2473 7684 7985
2474 3406 3425
2476 3235 3255
2480 524 9407
2481 3064 3682
2483 6624 5600
2484 8216 8344
2484 1888 5374
2489 6918 9040
2493 1021 9022
2496 5424 8062
2499 5592 6283
2502 4451 4977
2503 7773 6054
2505 1910 4390
2506 8652 6336
2508 7956 4683
2509 9479 3669
2510 589 2825
2513 8048 9803
2516 8419 7062
2518 9927 6009
2520 6889 5163
2524 5577 5976
2525 5359 9210
2525 9866 3464
2525 9647 9622
2527 5952 3553
2529 3247 3110
2533 6795 7848
2534 461 9649
2535 2436 8707
2535 3246 7784
2535 3915 7795
2536 2193 3554
2536 1347 8874
2537 4948 8296
2537 1029 7354
2537 4810 2545
2538 224 3496
2541 2376 8314
2549 316 4773
2551 3042 9858
2551 6402 3883
2552 8106 6234
2553 7589 5078
2553 1335 8123
2557 9092 9257
2558 5017 8076
2564 1117 8012
2567 883 9079
2568 7099 5061
2571 6491 8300
2572 9616 9682
2573 4874 4351
2574 4301 4154
2582 385 2789
2582 204 8874
2582 4554 8920
2582 1165 8122
2586 1146 3593
2588 8755 9368
2588 6998 9805
2592 7875 2674
2592 5112 9265
2594 7979 8060
2597 7579 9471
2600 7922 5556
2600 1720 3204
2606 3365 5003
2607 5884 2879
2608 4681 9547
2612 1365 5094
2613 3526 4615
2613 2719 4959
2614 2453 7489
2617 4591 9777
2618 6745 7135
2623 5665 5087
2623 4506 4409
2625 1473 9169
2626 7832 3986
2630 1742 7746
2632 6181 9648
2640 8855 4950
2646 5016 9827
2650 3773 4992
2653 5437 5523
2655 8286 6288
2658 6526 4245
2661 2745 8202
2663 8852 5805
2669 9409 4271
2671 1774 5888
2678 7562 7165
2679 6660 6257
2680 2254 8763
2681 4100 7019
2683 8781 3900
2683 1095 5050
2684 6808 9327
2685 3126 9993
2687 8012 6354
2693 9921 7241
2699 1443 5678
2700 1165 4777
2701 1688 3457
2704 1545 3670
2707 5755 8117
2707 3067 3656
2709 4484 8232
2709 8791 3979
2710 8623 4175
2712 3907 3370
2713 6381 8381
2716 2872 3534
2716 2224 6348
2716 8640 7857
2720 5437 6572
2724 97 9671
2728 1313 4778
2730 4897 9599
2731 1748 6625
2732 8176 8522
2732 1263 5209
2735 9678 5395
2738 3834 3844
2738 2325 4759
2741 6655 9907
2741 2558 8457
2742 9882 6658
2742 7449 5838
2746 6388 3853
2749 6854 4392
2751 5184 2782
2751 2176 5320
2754 3682 9912
2757 6342 4601
2761 3333 8548
2762 780 8287
2765 7296 3118
2765 293 8302
2770 3915 3713
2773 3163 7459
2773 8765 6925
2774 6993 4413
2775 9816 4264
2775 4469 8351
2776 1446 7249
2776 9117 8895
2777 1622 4109
2779 9738 6966
2780 923 3931
2787 5488 9508
2792 3443 5816
2793 457 7051
2797 7791 9272
2799 3468 7871
2800 4936 4653
2801 6716 7879
2804 2657 4757
2805 8648 8097
2807 7993 2851
2807 3238 8743
2807 246 3920
2808 8105 9141
2811 3734 3800
2815 2757 4396
2817 1976 2951
2819 2858 9148
2820 7604 4818
2822 4498 9803
2823 2770 9151
2826 1211 3813
2826 8839 8549
2828 852 4810
2828 3010 4621
2829 3042 9771
2829 4585 5046
2830 3099 7831
2831 1465 5866
2831 3196 9951
2831 7282 6960
2833 4011 4597
2835 1753 3279
2841 5415 3410
2845 9832 6566
2845 7324 8248
2846 7104 3422
2847 9801 4676
2850 7579 6529
2853 6726 8353
2853 6832 9641
2854 785 6860
2856 717 4279
2863 8121 8764
2865 7343 5761
2867 6052 4736
2870 453 9397
2870 9053 4502
2871 5791 6887
2873 7899 3856
2875 9013 3842
2875 6822 7391
2876 6407 3362
2876 1459 3659
2881 4637 8323
2885 2 5239
2888 2212 5380
2890 2235 8671
2895 3613 9019
2895 4847 7316
2903 4468 7842
2910 4654 4434
2911 839 4747
2915 8027 6771
2918 943 4014
2920 949 7713
2921 2068 9977
2922 2222 5517
2924 657 3881
2925 8106 7134
2926 4109 7024
2928 1394 8312
2933 8945 3785
2934 9863 3995
2939 248 9141
2939 4206 7627
2942 6612 3176
2946 2458 6692
2947 5414 4979
2949 3976 9670
2951 5278 7318
2955 9086 9382
2961 5234 5718
2963 8757 8352
2964 4763 3979
2973 6039 4724
2978 9373 6214
2980 9541 9112
2980 6494 4687
2985 2117 3138
2989 8157 3954
2992 5286 5568
2994 2110 4814
2995 2653 5301
2995 9155 4688
2998 6233 8253
2999 584 3864
3001 5988 7189
3002 8928 7263
3002 7263 5941
3003 3056 8242
3011 2582 5954
3012 1684 8519
3017 1347 3307
3021 2972 5234
3022 252 7528
3022 7970 7928
3023 3852 9306
3023 7899 5519
3024 4231 6237
3025 5028 6137
3025 953 7798
3026 4918 7162
3026 5643 9614
3031 6064 5558
3033 2742 6057
3036 5811 7662
3037 3618 5572
3037 6578 3599
3038 8948 3571
3038 4723 7547
3043 8 5229
3047 1283 6112
3047 9843 7039
3048 3930 8971
3048 512 5130
3050 7222 6939
3052 2441 6255
3052 1834 4816
3055 2221 7798
3056 2639 5828
3057 6227 9761
3061 987 6012
3062 7869 8633
3064 6798 8634
3066 2244 3252
3067 2033 5795
3067 2628 8620
3068 4707 4798
3069 9869 4659
3070 5086 6886
3070 5635 7011
3073 5464 5567
3076 579 8873
3078 8586 5573
3079 5985 7015
3085 5861 6854
3087 507 9442
3090 2116 4223
3091 6848 9029
3091 2659 6288
3093 9884 9663
3093 7159 8126
3095 26 6371
3097 3388 7336
3097 5173 9337
3102 7092 7457
3102 4502 6707
3104 8167 7190
3107 9286 7199
3108 1931 9543
3112 2870 8688
3112 5341 6106
3113 637 8784
3113 1318 7768
3114 2796 7372
3116 9604 8770
3117 6948 9094
3118 2885 8322
3121 7771 6355
3123 1129 8384
3123 8195 6289
3124 6667 6772
3124 4175 3509
3126 1445 3630
3127 198 9386
3127 7180 6323
3127 8067 5925
3128 5485 7521
3129 6902 5505
3131 9752 8917
3139 7569 5190
3140 4472 3194
3142 208 4632
3146 7477 4882
3147 4036 3305
3147 1856 9127
3147 5505 6976
3148 9413 9347
3150 1241 5915
3152 6918 5408
3153 9292 7005
3154 5435 5755
3157 1630 9530
3157 9176 3733
3160 7994 7370
3160 3653 7745
3162 1379 4237
3163 7981 7199
3166 335 4533
3166 7990 8500
3167 8798 6186
3167 4497 8909
3170 6031 4063
3170 8002 9932
3172 7320 7028
3172 1846 8277
3178 497 9418
3178 9074 5075
3178 7580 9283
3179 310 8778
3179 4941 6939
3181 3610 7042
3181 3214 3976
3185 6918 5417
3187 9359 6429
3192 4024 4285
3193 7223 9835
3196 9570 3399
3197 9100 3728
3199 5757 8945
3199 8400 6430
3199 8834 7522
3203 5674 4257
3204 9600 5590
3205 6595 8805
3206 8281 9264
3208 7927 3601
3210 700 8483
3212 8209 4075
3212 3406 7506
3214 119 7463
3215 3055 9136
3216 3781 9783
3217 664 4747
3220 164 8101
3221 7358 9754
3223 5547 6466
3224 5921 3900
3227 7763 4545
3231 5494 3365
3232 3766 7840
3233 5699 4484
3233 3705 7626
3234 2027 9802
3234 7778 4045
3236 2803 9542
3238 1068 5213
3239 3924 7760
3239 815 5825
3244 9634 6045
3244 9173 9876
3246 5093 3798
3247 426 4074
3249 7091 3892
3252 8942 9601
3252 6770 9609
3253 9823 9387
3253 5045 4447
3259 4312 7360
3264 4227 8442
3267 4079 8236
3271 5189 8621
3274 8212 8983
3277 9744 6941
3278 7290 8126
3279 9321 3611
3283 6117 7976
3290 2394 5374
3291 8437 6839
3293 9603 3645
3297 3676 4374
3303 8852 5231
3303 4324 6781
3304 9770 7077
3305 4028 6615
3308 2812 4717
3311 5583 4980
3311 3711 6078
3311 5141 4333
3315 1588 5185
3316 1544 5727
3317 7226 8252
3320 576 4193
3322 5186 5105
3324 8379 5533
3325 9231 4489
3329 3764 5740
3334 7953 5915
3334 7436 6277
3335 5801 4925
3337 561 5849
3342 2772 4580
3342 1146 8218
3343 694 7318
3346 9025 6019
3346 6590 6775
3347 3751 4857
3349 8393 8695
3349 3339 7727
3350 8244 8080
3352 3211 7217
3352 4429 7101
3354 7081 8557
3360 6015 9168
3365 7746 9171
3367 3780 5569
3368 4899 6917
3369 3352 4813
3373 1281 3541
3374 3238 7605
3375 1815 9218
3377 4367 9521
3377 2015 3426
3384 1749 9333
3384 9688 5683
3385 8694 4175
3387 7697 8422
3387 6959 4869
3388 9446 6564
3391 5086 5541
3396 183 8619
3398 971 7904
3398 8040 7872
3403 9875 5083
3404 3344 6923
3406 2118 5363
3409 3651 7153
3409 1449 7951
3409 80 8562
3411 5431 6189
3411 3278 6419
3412 8332 3633
3413 5582 5320
3415 8448 8312
3416 2755 5056
3416 7187 4177
3419 6930 4558
3420 4878 6197
3424 8698 9218
3424 3302 6711
3424 429 7024
3427 1297 7879
3427 1159 4018
3431 1397 5623
3432 7262 6706
3435 2307 4472
3435 9279 6115
3436 8013 4576
3438 2705 9478
3439 3935 4482
3440 9160 9034
3443 4322 7077
3447 4623 5722
3449 2239 8025
3450 6237 8033
3450 7190 5094
3452 7348 3795
3455 3037 7111
3459 7928 5913
3461 1475 6542
3462 8034 4088
3463 9053 7848
3464 2062 5403
3469 8889 6690
3469 2897 9716
3470 6004 5188
3477 7256 6983
3481 9690 4474
3486 8140 9754
3487 5793 7878
3488 4073 9694
3489 9608 6940
3494 7164 6307
3495 1312 5896
3498 9474 8144
3498 5694 7953
3501 6576 9116
3501 6712 6609
3507 9508 9895
3516 8133 7571
3518 8430 3852
3519 9006 4098
3521 1645 8537
3523 332 8351
3525 5481 7006
3527 6161 9380
3530 5578 3899
3530 1490 8687
3535 6865 4974
3536 1150 9155
3538 2349 4845
3541 554 8403
3545 9686 8019
3546 2051 6784
3547 3160 7437
3549 459 8315
3553 9333 3554
3554 7224 9782
3555 8417 8945
3560 4265 9703
3563 117 9149
3564 8724 9167
3565 2362 5138
3566 6022 7404
3566 1403 5056
3568 4352 9760
3572 5165 7239
3576 8530 4474
3578 1468 9534
3579 413 5647
3580 1984 8961
3589 5783 7411
3592 6007 4812
3592 1455 5373
3592 2729 4146
3593 4289 9978
3593 1495 4787
3593 5798 9533
3594 1904 7895
3602 3471 4739
3606 5616 7279
3607 8676 7562
3608 823 6890
3612 4150 9158
3618 7086 5211
3620 6763 6884
3621 2608 8644
3629 3514 4067
3629 1841 6563
3634 9550 8565
3639 7635 5175
3644 3300 5651
3649 1150 7809
3650 2362 3720
3654 5825 8253
3654 5907 4606
3655 1696 6369
3656 495 4160
3663 5672 9449
3664 4658 5106
3665 5135 5215
3666 5143 3736
3667 1806 7102
3673 2472 7721
3679 111 7100
3681 5105 6585
3682 5288 4159
3684 3625 8504
3688 666 5449
3691 3790 7481
3692 192 7404
3693 3706 6392
3693 4190 9608
3695 615 9677
3697 2227 4627
3698 9587 5924
3701 7112 7373
3702 4486 5817
3705 2973 8237
3709 6766 6441
3709 9454 8265
3710 415 7473
3712 2479 5660
3713 3650 5871
3713 928 9505
3714 9268 8654
3714 8121 5477
3715 7565 5371
3715 70 7169
3718 3861 6319
3723 189 8977
3724 2649 5171
3725 5150 5642
3728 5735 6092
3729 7545 8375
3731 6303 5890
3732 27 8737
3735 3696 4783
3735 2492 4714
3736 6685 7989
3738 779 3921
3739 9008 7319
3740 104 6923
3741 2960 4348
3742 8110 5052
3748 9204 6457
3749 795 8160
3751 4028 6605
3752 6358 8363
3755 3025 7571
3756 1509 7458
3756 5108 6446
3759 9886 5684
3760 6673 9561
3767 4503 7415
3773 699 3798
3777 8242 8461
3777 5269 8704
3777 6224 4490
3778 4138 5653
3784 1296 5756
3784 9500 7125
3786 763 5806
3789 7445 8101
3796 8633 5571
3801 6651 8563
3801 2430 8423
3802 6579 9289
3805 9805 7043
3806 4760 4703
3806 4520 3852
3808 5538 8087
3808 680 5181
3811 738 8272
3812 3137 6499
3815 7003 6079
3815 2104 5682
3816 688 8955
3817 5271 6616
3822 1000 5778
3826 1734 7607
3828 7742 5307
3829 575 9881
3833 8793 6904
3834 1306 4362
3834 2444 6937
3836 6365 9009
3838 5384 6103
3839 8196 6060
3841 245 5603
3845 1904 4238
3851 7093 8302
3854 5631 4608
3854 5985 5260
3855 654 7969
3856 8727 6404
3858 3831 3956
3859 4868 4276
3860 3971 4008
3861 1968 9907
3861 1753 9661
3862 6256 7818
3863 4935 7983
3865 3920 6625
3865 4225 6374
3868 1655 9092
3871 7142 5668
3871 1623 7579
3871 9660 5277
3874 1952 6030
3877 8219 8746
3878 1750 7350
3879 6909 4696
3891 6861 4322
3891 4923 6769
3895 7573 9967
3896 3392 6177
3898 1636 6496
3899 201 9201
3899 6801 9053
3900 4472 5918
3902 1326 5232
3903 3387 8801
3903 5696 6275
3906 2570 4451
3908 9072 4865
3909 7676 5323
3911 9921 7035
3911 9467 8539
3914 8698 7144
3914 5785 8282
3915 460 5628
3916 3904 7082
3917 681 5799
3918 1267 5160
3920 4466 6995
3922 3058 5400
3923 5524 8650
3925 773 8917
3934 1944 6818
3938 4179 7897
3940 3821 9807
3941 3359 5518
3941 4180 5518
3943 5212 6197
3943 4813 5627
3945 7166 5959
3946 5614 7122
3949 7091 4100
3951 3239 6650
3952 4244 8442
3952 7954 8362
3953 7225 8439
3955 3098 9266
3956 2308 8459
3957 9382 9187
3964 389 4875
3964 2139 4045
3965 282 7907
3965 4619 9032
3965 759 5331
3965 7082 9839
3966 2831 8875
3968 1548 5451
3984 541 5588
3986 3660 5792
3988 374 7143
3989 5984 8661
3990 5269 6066
3991 7333 5572
3992 1364 9102
3996 6948 6954
3996 8629 5154
3999 2752 9781
4003 3617 4533
4006 7149 7281
4006 657 9307
4007 5529 7339
4008 3801 8569
4008 9324 9656
4010 9619 8924
4011 3202 7215
4012 3733 6829
4012 6322 5248
4015 6204 4748
4019 3570 4941
4033 9124 4701
4036 2463 7955
4037 6129 6679
4045 9855 9323
4049 9575 9140
4052 7378 4493
4053 9197 9326
4054 3696 6933
4056 816 9723
4057 5090 4243
4061 4992 7867
4062 7626 7165
4063 8231 8112
4064 8221 4586
4065 3346 6677
4069 3131 5902
4075 5500 8593
4078 1831 4617
4081 9047 4478
4081 5258 9848
4084 2749 6073
4092 5821 8016
4096 3056 7751
4099 5128 5006
4103 3721 9827
4106 5359 7773
4111 6440 5396
4112 1912 7656
4117 3124 6785
4119 1631 4453
4122 2376 5464
4123 2004 7238
4128 9880 6259
4129 2186 4876
4130 7197 9561
4140 7330 8046
4141 9207 4462
4145 2712 5279
4145 5643 7838
4149 3360 9811
4152 1136 6700
4153 7638 7066
4155 6528 6793
4155 2431 4852
4159 7536 8665
4160 952 6117
4162 7649 4500
4166 1702 7070
4167 2823 4603
4169 1557 4410
4171 9944 6630
4175 6036 4855
4179 1100 4993
4179 4710 4458
4180 211 9542
4183 1664 7725
4184 793 7746
4185 8971 9145
4185 2699 5043
4186 8029 9787
4193 5355 5352
4196 7498 7826
4198 2432 9781
4200 6540 8880
4202 9366 7370
4204 7838 7237
4206 1837 6205
4210 9428 7762
4211 3860 6237
4211 7127 7328
4212 5483 6834
4212 8820 9942
4214 4809 8922
4222 3011 7172
4222 2559 8874
4223 2384 8953
4224 3449 5131
4224 3240 5441
4225 6917 5015
4226 523 6646
4227 1911 8862
4233 3816 6906
4233 4631 6586
4234 2115 7953
4235 8836 5228
4236 5284 8938
4236 9338 9343
4241 1532 5048
4244 3710 6673
4245 4062 8141
4246 8476 6705
4247 1606 7884
4250 1993 6137
4251 3947 4445
4254 2907 6328
4254 9554 5808
4255 3029 7706
4256 3152 6224
4260 1781 8306
4260 6454 9133
4261 6485 8730
4264 152 7473
4267 4535 8514
4270 347 9528
4278 2978 7970
4281 787 7235
4282 7152 7890
4285 3983 7735
4286 6066 8694
4287 33 7339
4288 9167 5814
4291 8151 7448
4294 8662 6964
4296 5946 5949
4298 2575 4566
4299 3744 7441
4301 5482 9392
4304 6861 7754
4307 4471 9472
4307 8045 8184
4307 1487 9980
4309 2100 6921
4314 4368 6287
4314 8808 6080
4315 4380 4520
4319 5653 5242
4323 2182 5842
4324 8383 6010
4326 8618 8065
4326 5097 9184
4328 7108 9295
4328 5575 7904
4332 1187 9511
4332 8264 7779
4337 3574 4355
4338 2896 6887
4339 339 4737
4342 7140 6684
4342 10 6815
4344 3288 6963
4344 4463 7382
4345 9503 9265
4347 7367 7768
4349 5595 5565
4350 9744 9927
4352 4533 9918
4356 884 5134
4360 5144 6651
4361 4837 5585
4368 9969 7616
4370 6162 7650
4372 7660 8161
4372 9000 6177
4375 777 8743
4376 9458 5526
4376 5660 5821
4381 6346 9717
4383 4581 7809
4385 9506 5320
4385 8931 9254
4386 6461 5831
4394 8427 8270
4397 4282 4530
4402 1542 6758
4404 5367 7432
4405 4076 5470
4407 9877 6087
4411 8037 9938
4414 9105 9482
4415 9066 6287
4420 8781 7110
4421 1437 7921
4423 6602 7374
4426 9730 5058
4428 7511 7308
4430 3726 9221
4431 7430 9728
4431 4583 6640
4433 512 8073
4433 9965 5647
4433 7063 6377
4435 2128 8219
4437 8001 4873
4438 8853 8308
4438 4197 8171
4442 8403 5058
4442 7027 7682
4443 681 8015
4444 8660 7398
4451 9806 7749
4458 5230 8128
4458 8092 7392
4459 2052 8569
4461 2186 8658
4461 5958 6119
4462 8868 9929
4462 5896 7865
4466 8067 5945
4469 6793 5513
4473 6482 5554
4473 6943 7199
4474 8789 7701
4474 8395 8656
4477 8158 7871
4479 6960 9929
4480 6691 7426
4481 7782 5348
4483 4186 9757
4483 4452 6290
4484 4017 9835
4484 3620 8726
4485 6326 5703
4485 6933 7532
4485 3993 8909
4490 6406 5366
4490 9421 9592
4492 3292 9958
4492 745 8450
4494 982 4890
4498 8383 6785
4500 4203 7737
4501 4811 8855
4503 2069 9965
4507 1329 7501
4507 4808 6753
4507 3796 5456
4512 9571 9629
4512 2708 4989
4516 3720 7262
4518 7896 8677
4519 4578 5213
4521 2611 5661
4523 6484 8752
4527 7412 7837
4527 9317 7161
4527 6781 7975
4528 6605 6043
4534 4932 9172
4535 2127 8771
4544 8392 8251
4546 7950 5112
4550 274 5744
4550 7933 7023
4551 8171 9023
4552 6553 9823
4556 7104 8104
4558 4733 8287
4564 704 6933
4565 2045 9399
4568 5435 6927
4571 9327 5881
4572 6544 8589
4572 4285 9038
4575 6510 6926
4575 1071 5427
4575 547 7980
4580 6333 4763
4584 895 5827
4585 1569 4789
4588 829 9966
4591 5 6391
4593 3289 6550
4599 4825 8246
4602 1427 8711
4603 4607 8535
4605 7829 7049
4607 9892 6243
4607 5919 5170
4607 4620 6842
4612 3372 7276
4613 7112 5528
4616 2337 5554
4619 4466 5955
4620 6140 5840
4623 7455 5166
4625 1496 5821
4630 7777 5310
4630 7520 5793
4631 4184 9181
4633 9202 9802
4634 2725 5709
4638 1071 6159
4638 9900 4911
4644 5680 9046
4647 8877 5854
4653 9846 8270
4657 4397 8056
4660 6676 7079
4663 7546 9449
4664 7936 4882
4669 3220 7708
4669 1137 5954
4670 2522 7406
4671 6654 8265
4675 8200 5387
4683 5768 6751
4683 71 5258
4684 1596 8664
4685 3616 6692
4689 5448 5366
4693 6702 9137
4693 4680 9899
4693 9806 7374
4695 2395 9654
4698 9332 9403
4700 4931 7093
4700 3354 5881
4702 742 4844
4706 8339 9956
4706 7189 6344
4707 1051 7046
4708 4034 8892
4712 9699 9152
4713 2372 6225
4713 9329 9009
4717 6983 6928
4717 7671 6222
4719 1160 5257
4726 4605 9368
4729 5327 7740
4731 7888 7949
4735 2312 9674
4738 8128 7389
4738 4071 6960
4738 78 5130
4739 2102 9628
4740 4002 8108
4741 8229 8757
4741 3181 8921
4741 7967 8688
4742 3043 8321
4742 4194 9441
4743 3281 8007
4749 5033 5490
4752 9397 8122
4752 5604 5962
4756 9511 5688
4759 3151 9105
4762 9093 9554
4763 1636 6209
4763 5979 6416
4766 4581 7262
4767 6618 9686
4769 5474 9705
4770 7763 5214
4771 2543 7264
4773 8192 6024
4774 967 6338
4774 3705 5447
4775 9166 9867
4775 6788 5678
4777 2934 5642
4777 2993 9331
4778 9758 8875
4785 2178 6625
4791 3986 7607
4793 885 7905
4796 6551 6810
4797 9082 6306
4800 2457 9981
4801 5570 6764
4802 7064 5093
4803 1888 9984
4804 9502 5227
4805 6916 7129
4808 2983 7066
4811 1839 9398
4812 3332 6831
4813 834 8279
4817 4919 6320
4821 6093 7469
4823 9848 9542
4828 2126 4952
4829 8954 9742
4830 3431 7926
4835 8192 5616
4838 8709 7818
4840 5772 5855
4840 9454 6438
4846 8984 8880
4847 3437 9455
4849 5962 6138
4850 4631 9208
4853 6802 7008
4858 9772 5881
4859 3367 9167
4859 7878 5664
4862 7155 5732
4868 213 5026
4868 4552 5450
4875 4470 9657
4882 9802 5772
4885 9849 7307
4886 5533 8180
4887 9615 6842
4888 3518 6943
4890 1517 9654
4890 799 5047
4890 7004 6703
4891 8223 6495
4892 9156 9831
4893 1503 8940
4894 2801 9040
4894 9064 9560
4895 8169 9253
4897 6840 5043
4899 6996 9937
4903 575 6057
4903 6926 6584
4905 4414 7055
4906 5238 9935
4916 4638 5988
4916 9173 7027
4918 5864 8563
4918 6726 7283
4920 6722 7902
4920 1550 9755
4921 7257 8190
4922 8985 6646
4922 2771 6054
4922 3565 5342
4926 5357 8746
4931 6887 5862
4933 9880 9225
4935 214 9200
4935 6057 8838
4938 6385 8395
4939 6988 6290
4942 485 5526
4943 7032 9005
4945 862 5203
4953 1030 6315
4959 9719 8223
4961 9549 7381
4963 2173 8522
4967 8403 7850
4972 866 5106
4973 5231 7838
4975 8426 8155
4976 1382 8638
4977 9854 9738
4979 3580 5165
4982 4112 8448
4982 3341 5029
4983 9542 7313
4985 8536 9948
4988 1335 5613
4990 8805 8224
4991 7652 7722
4991 359 5934
4997 9607 9371
4998 7838 9113
4999 6691 7663
4999 9080 8863
4999 7678 9190
5001 1278 5867
5002 4450 9649
5004 6910 6049
5007 8039 7751
5007 2090 7073
5008 9345 5941
5009 5036 6387
5013 7586 6415
5013 4033 7134
5014 4075 9136
5018 9161 7891
5019 7231 6613
5019 5796 9467
5022 2535 7966
5022 472 6067
5022 5605 8344
5025 9560 8950
5028 1378 9075
5029 7873 5766
5032 3334 6151
5032 6460 7742
5035 7635 6054
5038 6722 8595
5041 8085 8762
5044 1707 8899
5045 228 7891
5048 6738 7488
5056 8226 8055
5057 6498 9664
5058 1387 7131
5066 3634 6445
5067 4342 6148
5067 1827 5269
5067 2523 6365
5069 6987 8323
5072 7845 8445
5072 6697 6576
5074 1561 6072
5077 1952 6884
5084 2918 6675
5089 4775 8808
5090 94 6940
5092 3667 6185
5098 3136 6815
5100 7613 8112
5100 5908 7618
5101 7939 5381
5101 5724 9231
5103 5465 8290
5105 7875 6824
5106 7514 8494
5108 4809 8950
5111 6295 6187
5111 4115 7260
5117 9127 8516
5121 4219 8095
5121 6996 9780
5122 6171 9722
5125 9293 6821
5125 7620 9756
5126 5605 6441
5126 5361 5162
5126 8498 6818
5127 588 8724
5134 7813 6360
5134 4603 7566
5136 7296 6303
5140 7386 9682
5141 6800 6961
5143 3926 5869
5143 2592 8014
5145 6112 6455
5145 9918 5188
5147 4948 8492
5148 6145 6507
5148 7677 7829
5148 801 9962
5151 1462 9015
5151 467 6258
5155 1311 9162
5155 6354 5538
5158 5478 8620
5160 7168 9715
5162 8008 7156
5165 7937 8041
5168 1051 7809
5173 9280 5683
5176 9587 7180
5176 6830 7849
5177 867 7225
5178 4147 7470
5181 848 9267
5182 101 5250
5183 7552 9687
5184 3074 9996
5184 8710 8657
5185 8160 8235
5186 8977 7915
5187 8720 8853
5187 1299 8104
5189 5586 5644
5189 5059 7006
5190 4183 7720
5192 5324 7900
5193 1260 6282
5195 6333 6457
5200 3208 8729
5202 2964 7901
5204 8374 8772
5205 7500 6411
5206 3755 7565
5209 2889 9052
5210 3498 8813
5212 80 7152
5212 7521 9517
5212 586 7106
5212 8329 9610
5215 5365 6122
5218 5547 8168
5218 3458 7402
5219 6192 9864
5219 1903 8414
5219 9891 7808
5224 6479 7560
5226 8578 8430
5232 3584 7667
5233 425 6896
5238 5736 6593
5239 408 7190
5240 5613 9205
5244 4870 8091
5245 12 6554
5246 6792 8399
5246 6795 5854
5253 8139 8915
5257 9611 7760
5260 3882 9434
5261 5452 5799
5262 7917 6110
5263 9476 5637
5265 1798 9646
5267 9884 8643
5268 4324 8207
5272 4983 5964
5273 6229 5349
5273 6361 8892
5275 6459 7574
5277 3071 8882
5280 3927 9742
5281 1801 5617
5283 4661 8185
5289 3699 5721
5290 3183 7047
5292 1753 9271
5295 6101 9893
5297 1008 9335
5298 4039 7404
5301 1642 6070
5304 1975 5721
5304 4532 8902
5305 5045 6734
5308 7405 9489
5309 5971 7863
5309 8781 7068
5309 9920 7453
5310 3712 7462
5310 1696 6932
5314 5208 8989
5315 770 8368
5316 7963 7654
5316 7391 5999
5318 8264 6304
5320 2513 8445
5324 1875 5525
5330 9656 8394
5331 2055 9912
5331 4186 5783
5332 3241 7998
5332 969 5710
5340 1226 8555
5341 2586 8475
5342 9017 8421
5342 4891 5604
5342 1583 9959
5343 3212 5355
5344 9139 8739
5346 9920 5458
5348 3925 6929
5352 9193 6328
5353 4581 9836
5354 9770 5517
5356 9775 8882
5361 883 7511
5366 7935 8287
5369 4249 8938
5372 5624 7688
5373 3626 9394
5373 2430 7009
5374 7543 8622
5376 3519 5911
5385 4991 7931
5386 6800 8930
5390 1438 6052
5392 1486 9861
5393 5032 8392
5395 407 7888
5397 8445 5622
5400 4507 5587
5403 590 8422
5409 117 7698
5410 3601 8433
5410 20 7975
5412 6495 9761
5413 2397 8363
5415 8113 8727
5422 6420 9824
5423 8204 8991
5425 3476 9995
5426 3118 7120
5428 2237 7130
5428 6554 8999
5431 3752 5955
5438 8381 6364
5438 6893 9542
5442 901 9207
5442 3193 5678
5442 9154 8171
5448 1440 6801
5450 1940 8736
5450 9475 6351
5459 6077 6540
5460 8075 5550
5461 8808 5980
5461 1627 7748
5470 4793 9903
5471 2357 9294
5474 2068 7326
5475 4465 9353
5478 6919 8787
5479 2806 6080
5483 4664 5570
5484 4649 8576
5484 4142 9645
5486 3793 6418
5489 2965 8833
5494 5187 8044
5498 9247 9709
5503 3837 8797
5505 9960 6734
5510 890 7121
5511 377 8351
5515 3219 9080
5515 6925 9047
5522 92 7421
5525 8345 9585
5529 9200 8274
5529 1030 6916
5530 5583 7398
5530 9554 8465
5535 2289 5874
5535 4303 8696
5541 2864 9429
5543 1377 6509
5544 3802 7914
5544 2168 8806
5546 9916 8245
5546 6272 7795
5547 3625 6547
5547 1420 8678
5550 5244 5910
5553 8140 9022
5554 8630 7508
5560 351 6382
5561 5730 8637
5565 1737 8214
5569 7157 9100
5574 4090 7446
5575 9038 8761
5580 8879 9130
5581 1729 6693
5583 4145 8897
5588 8849 8216
5589 3486 5934
5589 4609 6912
5589 1730 6830
5590 2615 6794
5591 1077 8284
5593 5280 7826
5595 6576 9771
5599 1666 8698
5603 1964 6986
5605 9888 7971
5607 5559 7375
5607 2142 5660
5608 5232 9594
5609 81 8392
5610 3284 8114
5610 9790 6751
5611 8762 7988
5611 6567 8121
5612 2669 6308
5621 6128 6013
5623 173 8057
5623 3355 6130
5627 6239 7996
5628 8446 7996
5630 7638 9159
5631 3019 7239
5635 9373 8183
5635 9776 6947
5636 6000 7896
5637 8343 9442
5640 6600 6690
5642 2002 6951
5648 6692 7902
5650 6098 9120
5651 7070 7027
5653 6787 7539
5656 9790 6891
5657 90 7010
5660 8910 7563
5661 5416 7561
5663 3200 7099
5670 6405 9168
5671 2836 7134
5671 3091 7611
5672 1057 8707
5675 6463 7261
5678 5121 9071
5684 9511 5999
5685 5443 6233
5688 9940 8463
5688 4736 7874
5691 7997 8981
5692 2474 8945
5693 4203 7463
5694 1140 5732
5695 5827 8321
5696 635 7417
5698 4534 8310
5699 7705 8771
5699 9944 6744
5703 1053 9368
5707 5250 9737
5710 534 7273
5712 2501 7741
5713 4462 6247
5716 374 6058
5719 6103 7319
5720 3526 6569
5722 3872 6531
5722 1046 7659
5722 8113 7576
5722 5349 9761
5724 4167 9279
5725 4838 9656
5726 1505 8941
5727 2524 7301
5728 7733 9878
5732 6783 7064
5732 3948 9984
5733 7472 7842
5733 5590 9606
5734 7166 7718
5734 8678 7168
5740 7823 9863
5740 2114 6593
5740 604 7432
5741 387 7800
5742 8978 9420
5743 8324 6303
5749 2995 6306
5750 7500 5890
5752 4528 6318
5756 4121 9684
5760 4693 6745
5763 9783 6300
5764 722 7034
5766 3060 5778
5770 1423 6725
5772 2205 7818
5773 6943 8455
5773 1280 8047
5779 712 9029
5783 1594 9667
5784 49 9416
5784 5970 6745
5788 9090 6718
5793 7104 9700
5796 2579 6996
5798 1073 8888
5799 6035 8421
5802 7238 7632
5802 8764 6581
5802 4647 7177
5804 2662 8377
5806 1697 6120
5807 8328 8952
5810 5827 8546
5810 1302 8085
5814 3743 7084
5814 7731 8889
5815 9984 7752
5816 3351 6576
5817 8652 8273
5817 3988 7651
5820 1204 6316
5820 8898 8167
5820 3797 8690
5828 9274 6735
5834 4533 7717
5836 8937 7492
5837 670 7043
5837 5067 6758
5839 6124 9041
5843 9227 6368
5843 6288 6805
5843 746 8529
5844 4163 6071
5845 9648 9734
5845 432 6324
5847 1481 8648
5849 8882 7336
5852 9755 9768
5852 7636 7676
5854 6038 7766
5857 1538 9424
5862 1056 6736
5870 5093 6872
5870 577 9471
5871 2015 9224
5872 7724 8122
5872 6045 7934
5877 1253 8827
5880 7208 6787
5882 1702 9883
5883 7389 7818
5883 5939 9572
5884 1821 8753
5885 178 6012
5886 6636 9281
5887 6069 6226
5888 3211 8937
5889 125 7598
5892 6127 6725
5894 8264 7781
5903 6031 7712
5904 6968 8982
5910 7676 9539
5910 1381 7971
5917 8819 6626
5919 6686 8861
5922 450 8168
5923 9347 9301
5923 8099 6457
5927 3318 6587
5928 5645 6086
5930 4860 8621
5930 1713 9972
5932 7687 6548
5937 2532 7561
5938 1759 6734
5939 937 9539
5941 8312 8994
5942 9896 9966
5942 2887 7076
5947 3023 6286
5951 9495 7497
5952 6699 8157
5954 7012 7018
5956 9724 6891
5965 9763 9850
5974 8520 8842
5979 4809 8165
5989 936 6682
5991 9717 6975
5994 5912 9906
5996 1873 8362
5998 4301 9843
6000 9420 8907
6005 9891 8473
6006 9793 6977
6006 1320 6989
6007 236 9683
6008 1864 6979
6010 1766 8352
6010 4485 6032
6011 4259 6016
6012 9605 9130
6013 7011 8103
6015 548 8184
6015 6621 7445
6019 3311 9416
6025 2690 6815
6025 7735 7979
6030 7387 9865
6034 9218 6689
6034 836 7054
6036 8659 6554
6037 3084 7484
6038 1679 9572
6038 5894 8663
6040 9660 7403
6041 9647 8177
6045 919 6529
6046 2771 7793
6056 9098 6931
6057 6970 8332
6059 9215 7425
6059 321 6478
6060 1224 8439
6061 5300 7416
6064 3908 6413
6066 7441 6861
6066 3339 8119
6069 5104 9083
6071 6708 6841
6071 5977 6307
6072 4606 7152
6072 9966 8349
6076 3441 7120
6077 7558 9136
6081 6208 7283
6082 1674 8930
6085 6262 8102
6087 3959 9603
6088 5996 6752
6090 9903 7534
6091 5501 8934
6092 2461 9357
6093 5374 8656
6094 303 9884
6096 1623 9160
6099 7805 8186
6100 1989 6528
6100 9143 8973
6101 8998 6446
6104 7681 9476
6106 9959 8580
6107 6723 9852
6107 528 8305
6107 8362 8274
6107 7922 6387
6109 5040 6407
6113 2541 6566
6113 5778 7164
6116 8284 8356
6117 4965 9900
6117 5287 9613
6118 1430 8725
6119 7922 6916
6122 1349 9914
6123 6509 8773
6124 113 9800
6125 7874 7222
6126 417 9999
6127 2580 7278
6127 1381 7588
6135 5519 9758
6136 9 7977
6141 422 8103
6142 6431 6419
6142 2527 8263
6143 9924 9005
6144 8509 8753
6145 3505 8742
6153 2121 9520
6157 7965 9077
6159 6271 6789
6162 9508 6751
6167 1358 8530
6169 2109 7732
6179 3040 9004
6179 6553 9763
6180 421 9980
6180 4069 6287
6182 701 7287
6182 8498 7644
6187 9445 9068
6189 5233 6668
6189 9456 7672
6190 7056 7182
6191 8130 6851
6194 2999 7649
6195 4237 8737
6199 8518 9492
6200 4857 7669
6201 6208 8549
6202 1764 9740
6203 5987 7676
6203 4172 9354
6205 931 9889
6205 9814 7488
6210 9806 8742
6220 6895 6792
6221 6937 9362
6222 6885 9753
6223 6355 8414
6224 7761 6474
6226 642 9079
6227 4376 9343
6231 3522 7902
6235 752 9177
6236 8061 7019
6237 8448 7535
6243 2258 9599
6244 167 6559
6245 8400 9194
6245 1104 9680
6245 1077 7412
6248 7983 6966
6251 3660 8906
6254 3372 8520
6255 7511 6782
6255 4296 7837
6257 9535 7437
6265 5113 7801
6268 4185 9895
6274 6617 9915
6277 1721 8951
6277 6210 9632
6277 6059 7521
6278 8914 8496
6284 149 9642
6284 3585 9746
6285 4561 8048
6287 3876 7792
6291 377 6363
6295 1543 8132
6296 4190 8433
6296 2616 7474
6297 7271 9512
6298 4428 6634
6300 1130 9259
6304 7948 8547
6306 8050 8610
6308 767 7396
6310 7092 6435
6312 8737 9483
6313 560 7987
6314 9971 6520
6315 9399 8806
6316 2905 9756
6319 2269 6629
6322 1239 9064
6324 9485 8521
6325 5651 9852
6327 1789 7725
6328 4197 7724
6328 9468 7881
6331 3058 6947
6332 7446 8811
6332 9681 6435
6334 251 8881
6336 8437 8424
6341 247 9866
6341 9510 9513
6343 8183 9093
6344 2464 9418
6345 2650 9512
6347 6878 7364
6347 4557 9209
6351 9928 9589
6354 3896 7209
6354 3725 9908
6355 857 6580
6358 5978 6747
6360 2172 8712
6361 8286 7191
6361 7829 8830
6363 9100 6502
6366 2012 9601
6366 1583 7874
6369 1788 9403
6370 1218 9737
6370 2245 7041
6371 558 6718
6371 121 7295
6379 1012 8321
6380 6272 9066
6382 1882 9614
6382 4143 9274
6382 2770 8388
6385 4418 8915
6386 5312 8053
6388 9726 7752
6388 5270 7470
6389 6486 8936
6391 6357 8935
6395 2498 8865
6397 5488 9403
6399 5738 7134
6399 9994 6440
6401 7353 8178
6410 3931 7935
6413 649 7765
6413 8977 8276
6414 5381 7635
6414 1663 6721
6415 5730 7225
6418 8683 8854
6418 5500 8609
6419 6517 6694
6421 5235 8890
6422 3621 6934
6424 5242 7826
6424 9521 8311
6432 1434 9735
6433 2558 9967
6434 9604 9127
6439 7831 8442
6440 9190 7481
6442 219 8493
6442 4992 9921
6446 718 8780
6453 9173 9417
6453 7021 9125
6456 4262 9287
6458 3394 7783
6459 30 8917
6461 1878 9682
6462 4529 7867
6465 3631 7831
6466 728 7649
6468 7272 9996
6473 1101 9296
6474 8008 7255
6475 1976 7094
6475 2421 8918
6476 1260 9999
6478 4655 8803
6479 1890 9417
6481 399 9547
6482 4591 7954
6483 1888 7209
6483 2660 7927
6484 8233 7180
6488 4273 8862
6490 1193 8739
6491 1452 8704
6493 9886 6585
6498 1196 8969
6499 4240 6653
6500 2779 9402
6503 616 7337
6503 7967 7338
6504 6925 8341
6505 6034 6776
6508 5005 7602
6509 155 8753
6510 2616 8651
6516 6253 9054
6516 3321 9976
6521 4684 7737
6524 611 9540
6525 3099 7393
6525 3007 7058
6527 4280 9804
6528 6379 7297
6529 1225 9678
6538 2012 9416
6543 6948 9802
6544 396 7420
6548 391 9952
6551 977 8656
6553 834 8838
6554 1354 7050
6555 932 9411
6560 9280 9903
6561 7036 9956
6561 5026 8898
6566 6508 9554
6569 2830 7774
6573 5754 9364
6575 5433 9339
6575 4445 9941
6575 2909 9009
6579 912 7076
6584 3830 7814
6585 5726 9631
6585 5797 9017
6587 5753 7103
6588 5699 8883
6591 5118 8443
6592 9462 9984
6594 921 6703
6599 7745 8982
6599 4393 7635
6605 1650 8102
6606 2682 7490
6609 5274 6919
6611 7428 9506
6615 5297 9150
6617 2699 6968
6617 1896 9760
6618 8831 9222
6618 2010 7078
6619 4168 8595
6620 6078 9473
6621 7975 6884
6622 398 9763
6624 4357 8770
6624 8395 7106
6625 9352 9671
6628 8077 9200
6628 6032 8377
6628 2223 8424
6629 5479 7388
6630 6906 9048
6630 1563 8530
6630 9786 7782
6631 8461 8311
6635 7605 9172
6637 5746 9161
6640 2396 7510
6640 5499 8737
6647 8715 7127
6648 5801 8914
6652 2921 9463
6654 5191 8358
6656 9475 9765
6665 6163 8864
6666 2159 9607
6667 7092 8328
6668 7696 8437
6668 1094 9973
6669 7310 6774
6670 4949 9408
6671 8487 8632
6671 7412 7420
6674 6722 7179
6675 2959 8734
6679 1963 6858
6680 7346 7861
6681 1422 9390
6683 9430 9941
6687 2906 9253
6689 9342 8355
6692 6161 8543
6692 375 9045
6693 5541 7871
6699 2833 8160
6700 3586 8718
6701 623 6906
6708 4036 8657
6712 5301 7339
6713 9115 7460
6716 5426 7948
6717 3261 7939
6719 7859 8720
6721 6427 7460
6723 5539 8554
6726 2037 7994
6730 1563 8472
6734 2808 8885
6739 8514 7996
6742 2146 9104
6745 525 9477
6745 4144 9020
6746 9619 9083
6746 4988 7157
6747 2093 7737
6747 926 7651
6749 6704 6994
6751 4598 7852
6751 2615 8450
6752 4889 6999
6758 4779 7822
6759 7651 9766
6760 2798 6963
6761 6848 7336
6765 902 6840
6769 8551 8922
6770 7779 8578
6770 9378 6857
6772 1142 7412
6774 2874 7456
6776 8377 8859
6777 6660 8500
6779 8 9171
6783 9111 8804
6785 5272 7589
6787 5285 9115
6788 2311 8025
6794 2338 7197
6795 50 7811
6795 4765 8320
6795 9771 9271
6796 1138 9076
6798 9648 8357
6801 9217 8127
6802 9683 9068
6803 8671 9460
6805 5220 8905
6806 4079 8224
6808 1603 8504
6816 4263 8778
6817 6912 9839
6819 6157 8678
6822 5541 8571
6822 4768 7119
6823 3350 8764
6825 2814 7405
6825 7903 9745
6825 429 9612
6827 5508 9861
6828 935 9527
6837 8088 8633
6840 4432 7157
6840 238 6958
6842 3056 7828
6842 2926 9217
6844 8185 8726
6848 5235 7481
6848 3155 9779
6850 1848 9868
6851 8176 9397
6852 4265 9675
6854 1554 9668
6855 1321 9201
6856 3511 8932
6857 2010 9926
6875 9788 7461
6876 5639 8972
6877 3220 9934
6878 6758 9121
6881 307 8538
6885 1156 8072
6891 2382 7061
6892 4731 7947
6893 8139 9669
6895 9946 9534
6898 9385 7575
6900 8224 8984
6901 3216 9551
6906 650 8426
6907 2180 8498
6912 1394 8886
6913 8613 8544
6915 2972 8772
6921 1208 9052
6921 6999 8740
6921 9101 9137
6921 9917 9832
6921 7954 8976
6922 1863 9114
6923 1088 8140
6924 426 7946
6927 2983 7279
6928 4753 9810
6933 7141 9029
6939 1321 8826
6942 5799 9863
6943 6384 9561
6946 1478 8019
6948 443 9068
6951 2340 9150
6955 357 7711
6961 8999 7623
6963 5308 8428
6965 6856 7469
6968 2108 8583
6972 3562 7519
6977 5046 8423
6981 3189 8124
6985 5806 7528
6986 5594 7325
6986 3043 9781
6987 2449 8554
6988 6769 9821
6990 1486 9560
6994 1269 9711
6995 6042 8797
7000 1797 8677
7002 5032 9050
7002 8157 8819
7003 2210 7332
7007 2545 9456
7008 237 8705
7008 2525 7938
7009 7433 9572
7010 8122 7416
7012 9346 8334
7013 6138 8263
7013 3863 9679
7014 2602 9740
7014 5498 7449
7015 4159 8495
7016 5325 9116
7019 8379 8907
7021 4305 9330
7024 8306 7824
7025 9600 8793
7035 5465 8178
7037 2781 9781
7037 2295 7038
7037 4155 8091
7038 9764 7911
7040 8537 9765
7044 6628 7101
7044 3840 7401
7044 2958 9502
7045 6601 9625
7046 4517 9825
7047 7181 7718
7048 4224 9928
7050 7921 7620
7052 6952 7541
7053 4194 8386
7057 9500 7192
7057 2600 8491
7060 3829 7724
7061 5902 7774
7063 15 7614
7063 4615 9892
7064 6411 9034
7065 6397 8730
7065 122 8953
7067 7314 7606
7069 2775 9863
7070 3357 8842
7072 3269 9541
7073 5030 7609
7073 6272 7659
7075 7553 9523
7075 9639 8547
7079 6610 8665
7082 6116 7972
7083 2496 8909
7084 6756 8194
7087 5360 9034
7087 7778 8076
7089 1823 8982
7090 6254 8232
7095 7654 9772
7095 9542 7977
7106 4062 8387
7113 2895 8826
7114 2373 9027
7116 1471 9001
7117 5672 8421
7119 5826 8445
7122 2945 8703
7122 1777 8991
7126 2030 8952
7129 720 9377
7130 4109 8676
7132 7474 9496
7133 8257 7665
7135 784 8637
7140 5531 7355
7141 5697 7382
7142 433 7809
7144 3804 9568
7147 5025 9930
7149 6446 9881
7153 401 7557
7154 2944 9058
7154 7320 7358
7157 7056 9169
7163 1279 8164
7164 8671 9363
7165 4157 7912
7165 586 9481
7166 8950 9963
7168 556 8985
7170 1774 7414
7170 2674 9542
7170 4983 8891
7173 908 9493
7174 1414 8934
7182 8727 8117
7185 7243 9613
7190 3291 7356
7190 6150 8609
7191 1196 9456
7194 9874 8869
7195 5432 8258
7196 3729 8689
7196 2005 9568
7198 683 7836
7205 4424 8450
7205 5650 9024
7207 8707 7901
7207 563 8536
7208 871 7744
7208 5912 8583
7209 3606 9048
7215 3939 8627
7220 7352 9521
7221 8937 7715
7228 5387 7504
7231 878 7427
7232 8576 9597
7232 4335 8118
7233 7481 9507
7236 33 8649
7237 5459 7781
7242 9922 8125
7242 891 7786
7247 3121 7999
7250 7005 8193
7252 6608 9641
7254 9840 9100
7259 7736 9583
7262 542 9308
7263 6221 8171
7264 8297 9824
7267 2689 7337
7268 4891 9280
7291 9999 9074
7294 9346 9363
7295 7576 8264
7296 6451 9037
7297 6208 8492
7300 9590 8852
7303 2411 8803
7305 9613 7719
7307 3111 8195
7311 9956 8740
7312 7434 7795
7312 7986 7645
7313 1767 9488
7321 3749 8458
7321 502 9964
7323 8308 8047
7324 6149 9737
7328 5808 9619
7333 7016 9890
7339 8512 9334
7341 1737 9042
7341 638 8389
7341 2129 7553
7341 1407 9364
7343 4759 9279
7344 6299 9666
7347 5243 8059
7351 9551 8802
7351 9221 8981
7354 7345 9060
7355 649 9336
7356 3548 7792
7357 3668 8448
7359 3618 9795
7360 7401 8613
7362 6498 9201
7363 5174 7678
7363 5136 9578
7368 4490 9475
7370 3431 9860
7372 9462 8779
7377 2572 9123
7378 6101 9004
7379 7349 9198
7379 2006 8279
7380 3535 9763
7381 629 8594
7386 5318 8147
7388 8713 9266
7390 5871 9666
7392 2077 9230
7393 7605 9642
7394 3534 9958
7395 6520 7926
7398 4805 9239
7400 537 9418
7402 2573 9797
7403 2939 8486
7405 4387 9060
7407 5541 9117
7408 4450 7456
7409 3082 9373
7412 4957 8294
7414 8254 9652
7414 608 8210
7418 9306 8137
7419 7011 7642
7422 9449 8701
7423 8780 9794
7423 2644 9547
7424 7730 8321
7424 3441 8274
7425 936 9645
7425 5226 9862
7426 1838 8074
7426 6097 9142
7429 5788 8397
7430 535 9925
7430 8506 7610
7433 1561 9371
7434 2352 8558
7436 369 9027
7439 2436 8842
7439 36 9221
7441 8469 8345
7442 4703 7637
7443 4739 7661
7443 1936 8702
7448 9467 9785
7449 2946 9490
7455 7211 7794
7459 422 9843
7461 7714 7594
7462 3117 9613
7462 2443 8245
7464 5667 7540
7469 3910 9228
7469 702 8209
7473 6184 9593
7473 8887 8578
7474 2941 9244
7476 8709 8632
7481 8059 8769
7484 873 9510
7485 9736 9137
7486 534 9466
7487 1524 9065
7487 7101 8572
7490 9129 8580
7497 3311 9265
7497 9296 9689
7501 2901 8102
7502 2649 9510
7502 5282 9415
7503 2467 8812
7503 3762 7532
7505 2376 9515
7509 4893 9129
7510 4242 9232
7511 5845 7519
7511 5942 8680
7514 9653 7897
7516 4781 8779
7517 3782 7842
7518 9474 9088
7520 1507 9985
7526 1265 7797
7527 8198 9911
7527 9019 9676
7531 1433 9390
7531 5677 8423
7533 2308 8808
7535 5289 8258
7537 6735 7856
7538 578 8092
7538 6183 9444
7538 748 8603
7543 6365 9455
7544 4965 9046
7545 2123 9428
7554 2461 8002
7556 5092 8922
7557 8087 7770
7562 6076 9752
7563 5254 8326
7566 952 8625
7567 5837 8257
7570 3860 9618
7573 950 7707
7574 5885 9260
7576 6371 8478
7580 9647 8705
7581 2635 9971
7582 8684 8811
7583 5503 9817
7584 5132 7774
7585 2296 8161
7586 3356 7631
7587 3097 9638
7588 3671 7999
7588 7802 9901
7590 6915 9377
7592 6010 7608
7593 559 9304
7594 8807 9762
7598 3286 9446
7602 1057 8643
7605 7202 8255
7607 6718 8445
7609 4434 8616
7610 6154 7830
7611 1026 8748
7611 1600 9353
7611 7057 7624
7612 6481 8247
7613 4085 9916
7614 3359 8809
7614 7421 7795
7617 5880 8589
7619 2284 9948
7620 3801 7966
7620 1823 7680
7622 8732 7831
7624 3665 9077
7626 1691 8558
7629 2586 9746
7636 8300 9249
7638 4580 8482
7638 1806 9560
7640 2759 9757
7642 999 9785
7643 7591 9384
7645 7180 8915
7651 337 9781
7653 703 8138
7653 1945 7911
7654 9310 7787
7663 557 9973
7663 9778 9979
7664 6376 9535
7666 4273 9978
7668 4446 8218
7673 9172 8373
7674 6064 8967
7676 1523 9172
7680 5680 9980
7680 7688 8279
7682 5562 8666
7682 1305 8533
7686 1597 8048
7686 8044 8802
7686 5180 7899
7687 3241 8957
7688 7161 9505
7696 4303 8839
7697 452 9577
7698 7323 9451
7698 5449 8083
7700 8810 9340
7705 7917 8761
7710 1618 9572
7710 4149 9004
7711 491 9953
7713 9942 9064
7713 9725 8008
7715 7297 8541
7719 5008 9058
7722 636 9956
7723 5637 9065
7724 769 9727
7724 1970 9171
7725 5344 8004
7725 8681 7776
7728 5721 9263
7731 5060 8884
7734 4331 8418
7734 9851 8732
7735 2203 9766
7738 7994 9037
7738 3502 8184
7740 7405 8820
7742 5115 8058
7743 245 9082
7748 5992 8525
7749 1272 8038
7751 814 7791
7752 5653 9589
7754 4840 9720
7754 2249 7801
7756 8539 8808
7762 5618 8340
7763 3519 8241
7764 9984 8189
7765 9626 9410
7767 8128 7807
7770 5349 9667
7770 4448 8268
7771 2006 9896
7773 7064 9664
7774 7234 8711
7778 7565 8667
7780 7681 9371
7782 930 9744
7787 6495 8073
7788 6031 7841
7789 22 9098
7790 704 8100
7793 2429 7839
7795 3502 9655
7796 1778 8476
7797 5294 9684
7797 3495 9475
7797 6010 8149
7798 3516 9886
7798 5383 8174
7798 2999 9259
7801 4537 9224
7801 9392 8852
7803 7622 8991
7805 5583 8966
7805 5399 7878
7807 5783 8665
7807 3080 8495
7809 7782 9969
7810 502 8740
7811 8994 9534
7812 3837 8726
7812 3266 8187
7814 10 9089
7815 9540 9156
7815 6559 8439
7815 4567 9919
7817 5659 9492
7819 7267 8195
7819 3665 8816
7820 6849 8497
7822 350 8177
7829 6310 8158
7829 3637 8309
7830 6199 8046
7831 6386 9973
7833 3978 9766
7839 2519 9807
7839 6402 8545
7846 2002 8449
7850 2890 8971
7854 7984 8988
7854 6569 9196
7855 9367 8681
7856 5523 8232
7857 9886 8528
7862 678 9266
7863 2404 9768
7867 6012 8209
7867 1175 9799
7868 507 8092
7869 8228 8823
7873 2327 8632
7874 3900 8084
7884 9181 8805
7891 1271 9778
7896 508 9407
7900 9238 8816
7902 7473 8264
7903 8071 8237
7905 5522 9421
7907 4362 9881
7908 1994 9793
7910 6457 7924
7911 3869 9484
7912 8280 9023
7914 1851 8865
7919 1752 8971
7922 3506 9317
7922 7221 9433
7927 3175 8322
7931 597 8633
7932 9787 8426
7932 9795 8621
7932 6806 8612
7934 6407 8187
7934 4832 8380
7935 893 9378
7935 1834 9469
7936 8419 8915
7937 9546 8691
7939 817 9316
7941 9630 9679
7944 2675 8903
7947 838 9103
7947 940 8951
7947 6310 8649
7949 7289 8857
7955 32 8908
7958 1344 8983
7959 4884 9694
7961 5554 9763
7962 4654 8447
7962 6696 9875
7965 2576 8707
7967 1105 8644
7968 5197 8583
7968 6056 9328
7969 9512 9510
7970 7720 9123
7970 6347 9728
7973 3879 8548
7974 2186 9422
7981 8317 9101
7986 1876 9067
7990 902 9415
7997 3457 9931
8001 5458 8601
8002 8925 8674
8008 2397 9655
8013 9047 9013
8013 759 8394
8014 916 8317
8016 6594 9286
8018 249 9678
8019 5852 8959
8020 656 8080
8020 8450 9558
8021 3945 8351
8024 2855 8038
8025 1138 8294
8026 3839 9307
8030 929 9295
8031 9538 8355
8032 6273 9930
8032 1221 8620
8041 4149 9675
8047 127 9738
8048 223 9055
8048 9070 8910
8050 8641 8666
8055 5418 8195
8055 7530 9788
8061 2152 8351
8061 1748 9514
8063 5400 8084
8064 1263 9661
8064 3691 8332
8065 1812 8074
8065 9441 9583
8066 8813 9884
8066 8417 8651
8081 2020 8247
8081 7495 9554
8081 1994 8316
8084 6291 9095
8085 2703 9241
8087 2211 9008
8089 2873 9142
8090 8544 8970
8094 2668 9421
8095 8567 9944
8096 4901 8187
8096 6974 8100
8103 7370 8883
8104 4855 9659
8106 8373 9542
8109 7238 9486
8114 4522 9471
8114 7735 9777
8115 5003 9178
8117 6163 9584
8119 430 8135
8120 4665 8408
8120 5408 9973
8125 5725 8525
8126 8514 8804
8127 934 8988
8128 1898 8444
8131 1346 9638
8132 9844 9424
8132 7283 8397
8133 6271 8152
8134 3780 9817
8135 1628 9545
8136 1091 9755
8140 9685 8169
8143 4573 8676
8145 3700 8457
8145 8499 9628
8145 1638 9215
8145 7183 9735
8146 9637 9348
8148 236 9962
8154 1403 8326
8156 6109 8205
8159 4548 8972
8160 8862 8596
8163 6707 9531
8163 9847 9215
8164 2286 9561
8165 4273 9868
8165 7700 9318
8166 9176 8955
8166 6844 9918
8168 158 8873
8171 4728 9980
8171 3654 8396
8174 3604 8581
8176 9077 9283
8176 8138 9027
8176 3901 9802
8177 9630 9061
8178 5173 9420
8180 5703 9352
8182 1690 9363
8184 5512 9564
8184 995 8857
8188 5151 8754
8189 3182 9333
8190 5097 9078
8193 8944 9831
8193 6860 8432
8194 1331 9424
8194 8560 9632
8195 805 9586
8196 3842 9704
8199 807 9395
8200 967 9673
8202 2659 8687
8202 8839 9625
8204 4451 9965
8205 7492 9047
8206 6940 8484
8207 4281 9954
8211 2897 8855
8213 9564 8482
8215 7514 9572
8217 8513 9420
8218 2248 9238
8221 1907 9133
8225 9437 9528
8225 2835 8357
8227 6197 8296
8231 7299 9513
8231 4911 9958
8233 7600 8740
8234 1907 9843
8236 2785 8953
8238 654 9456
8238 4908 8330
8239 8089 8358
8240 5613 9285
8246 6704 9493
8250 5818 8891
8251 6954 9141
8253 2910 8305
8254 4730 9710
8254 6645 9516
8256 3476 8368
8258 2997 8866
8260 5858 8431
8260 4037 9218
8262 8544 8386
8267 7960 8978
8270 8790 8431
8271 670 9788
8271 911 9915
8273 5260 8649
8274 8764 8443
8275 6937 8762
8276 440 9441
8277 7914 9667
8278 4513 9555
8280 3824 8411
8281 1687 8590
8281 4753 9445
8286 8749 9218
8287 8618 8806
8288 3549 9375
8289 4547 9876
8290 7919 8470
8291 1416 9673
8297 9501 8482
8299 7622 9082
8300 6236 9739
8302 6291 8843
8302 3025 9093
8312 2242 9924
8312 9032 9853
8313 9267 9383
8313 9037 9381
8320 1787 9107
8321 5372 8507
8327 6250 8717
8330 6545 9677
8331 1585 8870
8331 3999 9510
8333 6959 9256
8335 9801 8900
8335 6754 8682
8338 2750 8654
8339 8936 9496
8340 4131 9357
8340 2044 9116
8341 9133 9822
8342 4424 9625
8342 3877 9476
8346 6858 9553
8347 2485 9936
8353 3649 9159
8357 2626 9491
8358 6502 9374
8360 299 9534
8362 2855 8377
8365 496 8995
8368 1957 8775
8371 8787 9525
8371 9429 9404
8375 7051 9898
8376 881 9518
8377 4204 9474
8379 6673 9451
8382 2034 9328
8385 3511 8570
8386 2001 9546
8388 3080 8451
8389 3958 9111
8392 8511 9006
8394 743 9878
8398 7537 8846
8401 1875 9408
8401 6865 9539
8403 3054 8775
8403 5218 8974
8405 3852 8854
8406 2780 8467
8406 6831 9769
8407 5324 8781
8419 2122 8884
8420 5056 8942
8421 9267 9333
8423 851 8654
8427 68 8589
8428 9874 9771
8431 195 9438
8431 7573 8510
8432 3836 9794
8436 2449 9489
8436 392 9116
8438 3470 9929
8441 4662 9585
8449 2371 9622
8450 8114 9437
8450 4271 8772
8451 9885 9010
8452 5452 9840
8454 3284 9897
8456 1906 9050
8461 9690 9880
8462 8371 9059
8462 722 9954
8462 3642 8527
8467 4064 9559
8468 1812 9521
8471 7115 9901
8474 5540 9426
8480 8319 9649
8481 9508 9751
8481 7571 9328
8485 204 8907
8489 7610 9795
8491 7358 9934
8501 8394 9186
8507 4466 9605
8509 6221 9873
8515 907 8719
8515 4786 8888
8515 2830 9679
8515 2016 8992
8516 69 9877
8519 7076 9756
8519 8708 8971
8520 2912 8820
8521 3760 9901
8521 7795 9655
8522 8467 9706
8523 8326 8842
8523 383 8921
8524 7107 8864
8526 801 9464
8528 3374 9569
8529 5493 9977
8531 2187 9643
8532 1128 9328
8533 5117 8574
8534 5742 9059
8535 6395 8639
8536 2571 9725
8537 3527 9759
8538 408 8701
8538 142 8847
8538 339 9071
8539 7851 9040
8541 7514 9916
8541 4069 9388
8541 1163 9270
8542 7552 9440
8543 9116 9294
8543 5644 8604
8544 6787 8964
8544 7950 8738
8546 4098 8904
8548 9400 9915
8548 2951 9027
8549 1970 8700
8552 374 9892
8555 8714 9143
8556 8358 9527
8557 6825 8712
8559 1712 9139
8560 1288 9576
8564 3183 8887
8565 6468 9321
8567 8612 9226
8574 6583 8785
8579 7574 9107
8581 5549 9286
8581 4344 9119
8589 8018 9515
8590 8665 9095
8591 2522 9618
8593 4348 9628
8594 5115 9084
8594 1770 9919
8594 5601 9260
8600 2994 9359
8603 1285 8963
8605 8526 8817
8611 5481 8614
8611 8136 9172
8614 7419 9537
8616 7592 9973
8619 6514 9755
8620 118 8971
8622 3926 9076
8624 5612 9680
8625 2974 9848
8628 2649 9408
8631 3585 8661
8632 6373 9377
8632 1310 9594
8632 8095 8840
8633 858 8812
8640 1096 9899
8643 9671 8707
8644 6564 9136
8646 9349 8835
8647 9241 9312
8649 2160 9546
8650 4980 9583
8652 4933 9177
8654 6117 9735
8655 4557 9083
8655 1738 9243
8655 9114 8820
8656 7778 9352
8658 1206 9004
8658 7729 9832
8660 6812 8791
8660 2302 9391
8661 7874 9111
8663 182 9391
8665 6774 9198
8665 9677 8812
8665 8227 9062
8667 9394 8911
8668 8495 9324
8671 418 9038
8672 8929 9321
8675 7122 8713
8678 814 9595
8679 9285 9290
8679 1282 9533
8679 3692 9336
8682 4832 9257
8683 9175 9720
8684 8512 9927
8684 2171 9397
8685 8197 9352
8687 7899 9064
8687 23 9755
8691 2291 9153
8696 7878 8896
8697 9187 9210
8698 2089 9284
8701 4710 9333
8701 5810 9444
8702 8458 9704
8703 3464 9290
8707 8462 9125
8710 5345 8961
8714 7987 8725
8714 4358 8766
8716 7671 9037
8716 3039 8889
8719 7707 9670
8719 944 8983
8720 53 8741
8720 5909 9723
8721 3341 9375
8726 4490 8757
8727 147 9401
8731 887 9446
8734 8982 8956
8741 2961 9984
8742 5675 9767
8743 3649 9835
8746 6582 9720
8746 506 9224
8746 7927 9250
8751 500 9680
8756 303 9703
8758 5904 8787
8759 2377 9351
8760 2229 9989
8766 3391 9207
8768 5952 8966
8769 4849 9813
8769 3068 9140
8769 7856 9723
8772 2072 9473
8773 9688 9783
8776 2948 9225
8776 5088 9598
8778 453 9997
8783 2603 9070
8783 6135 9580
8783 8160 8974
8784 5577 9715
8785 8441 9162
8785 9017 8944
8787 4841 9925
8790 6426 9416
8793 8460 9483
8795 80 9164
8796 860 9723
8798 929 9099
8801 5670 9021
8802 6112 9061
8812 4933 9237
8814 3559 9094
8814 1597 9959
8815 3177 9471
8816 1257 9758
8818 6753 8915
8818 4521 9616
8819 4935 9792
8827 4038 9900
8831 1587 9787
8835 9817 8976
8844 8616 9492
8844 7895 9183
8845 8559 9531
8845 6120 9034
8846 8101 9681
8849 3578 8939
8853 8224 9444
8854 1484 9875
8856 8276 9857
8858 6347 9837
8860 6791 9657
8865 9967 9583
8865 2790 9885
8867 6228 9803
8873 243 9465
8876 5245 9705
8876 7543 9618
8881 9307 9173
8882 3443 9118
8885 8428 9845
8886 1914 9064
8889 6876 9416
8897 4995 9056
8898 8926 9291
8899 1232 9252
8901 7594 8952
8901 9285 9659
8903 9633 9487
8904 4897 9613
8905 6065 9581
8911 8231 9927
8912 4313 9513
8912 6886 9068
8915 2418 9152
8915 8462 9800
8916 2683 9554
8917 154 9560
8921 673 9774
8922 2995 9787
8925 1333 9833
8926 7320 9971
8926 3763 9312
8928 3569 8975
8937 9349 9288
8938 237 9401
8941 3837 9467
8947 3217 9025
8948 8556 9142
8950 5618 9417
8952 2361 9905
8957 1530 9692
8959 5956 9175
8959 7033 9378
8962 2319 9443
8963 9710 9275
8965 9603 9514
8965 5582 9979
8972 2263 9315
8972 1515 9198
8974 6803 9628
8976 9543 9350
8981 398 9343
8984 2504 9535
8986 7619 9238
8987 9808 9466
8990 582 9159
8991 6108 9512
8993 6349 9780
8993 9424 9688
8996 3238 9355
9003 4547 9099
9003 4704 9785
9008 3677 9463
9008 6664 9500
9009 3996 9883
9009 8995 9918
9010 3311 9101
9014 4554 9811
9018 1749 9979
9023 6878 9760
9024 9562 9676
9025 9673 9102
9025 4304 9666
9028 1227 9460
9029 6786 9990
9030 4822 9415
9034 2445 9103
9035 2098 9945
9036 9981 9595
9038 9872 9246
9039 6772 9305
9043 6375 9901
9044 9943 9714
9044 3049 9960
9045 2616 9418
9046 9072 9916
9047 9793 9376
9052 3601 9914
9055 4798 9126
9057 6117 9090
9059 7737 9658
9069 6911 9354
9069 593 9589
9074 7853 9344
9076 2742 9633
9077 7672 9485
9078 4764 9214
9079 5953 9490
9080 9276 9105
9082 564 9965
9085 7923 9934
9085 1913 9953
9085 9489 9469
9086 99 9191
9089 7207 9767
9091 9266 9999
9104 5227 9286
9105 3717 9687
9107 6787 9402
9110 8894 9853
9113 6849 9972
9114 3924 9130
9116 4189 9430
9117 5194 9883
9121 6547 9978
9123 2983 9132
9124 9232 9709
9125 5885 9162
9127 2062 9196
9128 4730 9732
9129 2990 9598
9132 6704 9942
9136 1977 9300
9139 989 9697
9141 4951 9165
9142 3798 9348
9144 8681 9153
9146 3763 9784
9146 6752 9389
9148 7136 9661
9148 5071 9336
9153 2844 9471
9157 9483 9249
9159 2278 9576
9160 6798 9218
9163 7278 9432
9164 6724 9431
9165 9152 9611
9167 7683 9440
9167 7606 9996
9170 939 9301
9171 104 9777
9175 1829 9574
9177 2624 9268
9178 7195 9287
9178 3154 9312
9179 999 9522
9188 7747 9575
9191 3685 9988
9193 562 9744
9193 7597 9345
9194 2481 9506
9196 8534 9602
9196 1816 9850
9198 5470 9952
9200 622 9761
9201 816 9278
9205 7814 9477
9205 210 9506
9205 323 9423
9208 4033 9589
9208 3599 9961
9209 8873 9862
9210 4390 9259
9211 5035 9562
9212 7492 9703
9213 2823 9427
9217 1759 9733
9227 3827 9964
9228 8171 9801
9230 7640 9543
9231 8008 9683
9231 3562 9465
9232 7621 9675
9233 3801 9984
9233 1834 9775
9233 7699 9325
9239 9258 9524
9242 47 9317
9242 3393 9445
9244 6730 9708
9245 5133 9410
9247 1866 9990
9247 97 9523
9249 4405 9445
9250 6337 9466
9250 8122 9252
9253 8143 9880
9257 3612 9846
9259 2348 9268
9260 8938 9733
9262 785 9513
9263 4035 9459
9264 81 9317
9265 5632 9889
9267 3934 9993
9270 1350 9681
9271 8516 9410
9272 2937 9626
9273 7915 9803
9275 3563 9327
9275 2977 9883
9276 6341 9882
9277 5773 9897
9278 8733 9422
9278 2607 9868
9280 7324 9655
9281 9309 9371
9284 8667 9977
9290 3982 9738
9290 518 9669
9290 6807 9314
9295 4800 9515
9296 8409 9452
9299 1985 9369
9301 8988 9415
9302 313 9587
9302 2165 9724
9302 2848 9718
9307 2333 9832
9308 4241 9631
9308 9528 9427
9311 6688 9914
9312 2430 9753
9314 6102 9762
9319 7567 9382
9320 8000 9984
9321 8382 9832
9321 768 9757
9325 2419 9628
9325 8431 9906
9325 755 9654
9327 8002 9892
9328 267 9430
9331 3750 9807
9332 5698 9507
9332 6562 9361
9333 6904 9380
9334 3914 9642
9335 5420 9735
9337 4808 9863
9340 2133 9702
9343 3277 9464
9351 794 9403
9354 1358 9635
9356 4280 9605
9356 2941 9636
9359 1505 9687
9361 5092 9859
9362 9796 9388
9362 9697 9820
9363 5193 9612
9364 9672 9500
9369 3501 9901
9369 3066 9688
9376 1538 9571
9376 1257 9578
9379 4556 9794
9384 8314 9398
9385 5117 9567
9386 8468 9581
9387 498 9649
9390 6766 9614
9390 4166 9454
9391 7676 9479
9395 7865 9535
9395 180 9705
9395 1072 9397
9396 472 9860
9396 1084 9766
9397 7806 9677
9400 8044 9982
9401 2991 9933
9405 6909 9479
9407 9116 9522
9410 572 9895
9412 7552 9466
9423 5258 9961
9423 96 9647
9423 2477 9759
9426 8437 9534
9427 9148 9779
9427 4168 9913
9429 5347 9880
9429 9646 9922
9429 3680 9673
9430 521 9472
9431 9329 9896
9432 352 9509
9433 9812 9758
9436 6341 9865
9438 2206 9979
9438 500 9856
9440 1279 9750
9440 5963 9523
9441 3669 9883
9443 3337 9463
9445 3972 9960
9445 6724 9875
9447 7667 9749
9447 3233 9671
9449 4741 9647
9450 9177 9994
9452 8933 9697
9453 2412 9497
9456 3883 9858
9458 7897 9506
9460 7434 9789
9464 8437 9715
9466 8720 9988
9467 7831 9811
9468 6327 9594
9468 2777 9945
9473 3784 9875
9477 2500 9850
9478 4931 9931
9479 4931 9827
9480 8127 9536
9481 82 9722
9483 940 9643
9484 3030 9783
9489 8431 9745
9492 2528 9722
9494 8656 9749
9495 6213 9993
9495 7078 9986
9500 7142 9784
9500 1953 9849
9504 1422 9524
9505 3464 9567
9506 346 9841
9506 7146 9532
9506 6703 9666
9507 669 9597
9508 8447 9568
9508 9949 9874
9510 6735 9716
9510 3718 9679
9511 6595 9651
9511 43 9983
9513 9482 9550
9514 8654 9656
9520 9761 9928
9522 5204 9891
9525 1660 9985
9526 6618 9952
9528 6038 9791
9529 4955 9659
9531 8849 9580
9533 176 9584
9535 7837 9610
9536 41 9819
9536 3096 9769
9539 6190 9736
9541 2205 9882
9544 2710 9585
9547 5723 9752
9547 2568 9900
9548 6728 9783
9549 343 9839
9550 5060 9769
9551 267 9668
9552 2483 9708
9553 2923 9983
9556 9758 9575
9558 8524 9937
9561 3041 9671
9561 8275 9843
9563 1897 9706
9563 703 9574
9572 4847 9672
9573 7753 9960
9574 531 9937
9576 880 9931
9579 188 9771
9580 5889 9979
9586 5006 9835
9589 7213 9973
9589 7765 9911
9592 7336 9954
9595 137 9898
9595 4155 9931
9599 9527 9769
9601 972 9891
9602 2802 9702
9603 9805 9679
9603 7690 9978
9604 7716 9842
9610 3858 9981
9612 9863 9850
9614 9668 9834
9614 2093 9649
9616 1115 9863
9617 7173 9641
9617 2270 9933
9618 493 9994
9619 3726 9769
9621 3315 9677
9623 1474 9675
9627 6807 9696
9630 170 9978
9635 9519 9854
9636 9751 9798
9637 9906 9663
9640 5245 9978
9641 9623 9890
9643 6216 9689
9643 2376 9903
9643 1602 9951
9645 3725 9907
9648 4664 9697
9648 9333 9759
9649 8835 9893
9650 2948 9887
9651 3224 9888
9651 7315 9987
9652 3858 9902
9653 4146 9838
9657 4802 9689
9660 7755 9743
9660 9483 9974
9662 2329 9947
9667 4491 9771
9668 7306 9829
9676 4043 9726
9679 7991 9906
9679 2007 9689
9687 3454 9811
9692 710 9878
9692 3675 9768
9692 8205 9990
9695 4492 9900
9696 401 9913
9697 5719 9732
9698 6849 9865
9699 7929 9894
9706 2346 9782
9711 4766 9757
9714 6592 9908
9715 7668 9978
9715 9605 9938
9720 1511 9739
9722 554 9917
9723 4061 9984
9724 7216 9877
9725 4464 9919
9727 3615 9815
9728 9520 9930
9730 3105 9996
9732 6439 9921
9733 6740 9827
9735 866 9818
9740 4885 9854
9743 2166 9810
9743 9833 9812
9745 2965 9816
9746 6368 9938
9747 1144 9901
9749 1060 9961
9751 3130 9778
9755 2892 9822
9756 6602 9999
9761 3064 9814
9763 2505 9945
9764 7224 9950
9764 3689 9855
9764 8821 9861
9765 1420 9983
9766 3880 9893
9767 699 9775
9769 8660 9926
9770 7512 9793
9771 4153 9902
9772 510 9836
9772 7219 9940
9773 1983 9831
9775 7820 9856
9776 6123 9996
9776 6142 9822
9777 3367 9858
9780 9862 9956
9781 4971 9992
9782 9484 9839
9786 7575 9923
9788 8177 9809
9796 1589 9802
9796 7236 9975
9797 4838 9940
9800 1184 9942
9800 1334 9970
9800 2908 9831
9804 5497 9952
9804 858 9918
9813 7100 9911
9817 8904 9836
9822 8282 9932
9824 6286 9898
9829 6265 9996
9829 1954 9917
9831 2414 9911
9834 7927 9886
9835 4813 9954
9835 4934 9913
9836 408 9888
9836 9410 9914
9841 2479 9859
9841 5081 9971
9842 6384 9846
9842 6492 9919
9845 5455 9986
9847 5082 9929
9849 6649 9900
9852 7012 9899
9852 4279 9918
9853 8443 9860
9861 713 9902
9862 4389 9904
9863 7606 9912
9863 2879 9988
9864 8445 9964
9864 3365 9865
9867 9981 9985
9868 4928 9922
9872 2225 9894
9876 3547 9909
9876 8353 9925
9876 667 9961
9880 5758 9966
9883 2618 9982
9883 6870 9954
9884 589 9920
9884 1232 9953
9884 1080 9939
9884 5787 9979
9887 7491 9950
9889 109 9909
9890 1331 9918
9891 9263 9903
9898 806 9944
9905 631 9913
9911 1726 9990
9913 8536 9936
9915 3426 9984
9916 9762 9982
9917 2923 9949
9919 4565 9955
9920 6658 9977
9922 3075 9977
9924 4629 9963
9925 1690 9934
9928 2863 9941
9930 3118 9944
9933 5678 9973
9934 6595 9941
9936 9037 9968
9936 657 9937
9939 5069 9972
9940 2747 9963
9940 113 9996
9940 8318 9955
9942 7882 9963
9943 4903 9967
9945 7434 9995
9945 5047 9994
9946 9552 9982
9946 8582 9991
9947 8367 9977
9949 9836 9965
9952 9785 9968
9953 3624 9972
9956 9928 9998
9957 1203 9964
9957 3959 9998
9957 4709 9970
9962 2534 9978
9963 5911 9982
9965 5071 9999
9965 7826 9983
9968 4657 9971
9971 1643 9998
9975 4786 9976
9978 477 9992
9981 9270 9996
9982 9113 9993
9982 3725 9993
9987 7228 9990
9991 7734 9999
9995 9416 9998
9995 5696 9997
9998 4257 9999
