76 9 7600
7384 1140
3475 5348
320 1677
1488 236
1328 4832
3568 517
5031 4842
1603 2290
4633 3869
2198 3916
161 5942
4393 529
1328 2577
6696 2350
2330 3327
4149 6998
7555 2287
4903 108
4222 4655
1468 230
6664 1502
4013 5966
3406 6046
1967 4242
7540 2652
3317 1105
2646 2192
1976 1567
3312 6425
1283 5287
4880 1710
4457 4752
1015 1807
4836 2641
4531 6748
5517 4923
4451 6645
3743 2842
1091 4814
1823 5063
3375 6529
3653 3887
2114 3402
671 1423
5191 339
4990 5606
925 1557
1750 5938
6896 118
2516 3720
7332 5222
2002 2673
4446 1782
7076 7415
5025 1078
1846 130
2990 6044
1977 6200
1674 1790
2314 6556
467 6170
5432 4925
2031 550
5409 1491
7509 6123
5686 5588
246 1296
5229 5262
5270 6604
1609 2133
3003 4983
6944 5439
3613 1088
2931 1844
5126 2218
7583 7374
