100 9 10000
4877 1206
4707 279
6370 244
7501 6542
3139 8176
4250 4731
6802 3073
1145 5698
7503 89
7034 2616
3193 1774
8820 263
2273 4257
7003 9519
5094 8003
7416 2385
47 1839
882 1887
2619 9224
6729 3087
9758 3223
5702 2627
7602 9202
7892 6897
6990 7625
4192 4134
221 3203
2994 2109
4640 5622
3889 6262
1963 6676
8448 9683
145 4447
4005 4531
8156 8186
7499 5792
5999 1043
942 7984
5878 248
1562 4206
125 8290
6841 5609
4289 709
2316 4699
185 3092
2034 2052
3913 996
5971 4560
916 1435
1874 3008
8932 4444
5686 9495
3590 518
8220 4931
1865 8080
9280 5813
4897 6247
6625 706
5413 1253
6953 7403
6741 5613
446 3767
4453 3346
6573 3427
5396 905
3735 5148
5281 8478
7638 6283
9477 6062
3722 9341
2645 8439
6561 290
4365 1053
9914 4502
3639 579
1570 1687
1996 6853
900 2379
7750 8959
7101 8462
9430 3786
9589 9137
8489 8994
6218 8105
2028 7517
5514 6568
6518 4839
3433 4438
1946 3887
8740 2531
7911 7133
1595 9612
9743 7681
605 4362
9556 2166
76 2948
4803 8936
6912 6561
6251 328
6928 8573
