100 9 10000
4528 1226
8391 2193
1029 1177
725 9278
1025 9890
1474 3887
910 9715
1975 7569
5615 5169
8380 5907
8066 9226
5561 5957
7482 5907
2748 9422
8377 2623
7360 4262
1216 8714
3217 7550
7696 8228
5249 7150
5761 4720
1919 4027
7506 285
5467 3470
8564 8008
7805 1898
3283 8094
8233 8507
5369 1271
6375 6449
7391 6345
1187 7378
9059 3801
28 4367
6246 1786
8611 3102
8699 3739
3532 9679
8165 764
6542 7024
6086 8499
8565 1207
6685 2447
7131 284
2809 994
2424 2129
5522 7213
3469 7312
5399 2354
601 1891
6230 5292
5738 2058
4816 1677
9676 9997
981 1260
8360 3556
2115 7299
5926 655
9081 2380
2193 5961
1687 5772
7548 7353
6922 7384
990 6945
1923 3254
8881 3911
5260 593
267 4860
857 5576
7580 5698
81 491
3221 1153
3605 6173
2935 1761
7764 5464
4621 9055
8024 2644
6333 4797
9343 4977
1446 1360
3111 3272
1888 4167
3173 8491
922 8029
903 4437
3919 8573
5804 5030
9169 3408
917 5134
5495 6731
1852 705
5369 2303
752 4172
1030 586
7634 2778
3160 8185
2063 4677
4341 8980
3080 4074
1876 9373
