100 9 10000
7550 1185
4742 2030
9354 6059
6423 4340
3713 3356
8348 1272
3888 5242
5766 6730
9329 1949
490 7659
1149 6104
4480 1516
3746 418
6674 3086
6556 2485
9192 9879
817 9532
7485 5773
4990 4584
6631 6915
2597 9913
1352 293
1016 2849
6924 3734
8871 8863
5516 371
3877 4914
6173 6690
3235 1345
120 1793
7385 9993
3083 6548
1619 712
1131 4739
1733 2976
2688 6691
2748 8293
4186 1848
7470 8814
4786 9354
5174 5358
6802 7137
4265 7246
7616 5663
8329 4996
4810 431
6649 9971
8430 392
5875 9353
3352 4234
1318 8923
1045 1297
5015 7983
2659 2756
5437 7966
4458 2162
4207 5129
1058 3542
6063 2136
2272 2076
6935 8107
531 9997
6788 5191
6644 423
9691 1313
7997 7809
7409 7173
3569 5445
3415 1895
6622 837
7473 6203
5946 9763
6679 3606
6978 7995
5918 713
2034 8882
4980 513
5760 8850
9346 3405
9303 6719
45 2396
3710 3780
8023 4435
9411 6525
2320 9816
9141 2437
6628 5359
133 9851
8183 4798
8012 1290
4391 9451
5814 8950
810 9649
9722 950
5160 9603
9235 4467
6854 2779
1541 7827
9055 4126
4175 4851
