100 9 10000
6098 929
3066 1040
1890 3331
9286 1939
4768 3759
7697 657
399 5963
3816 48
3942 766
2082 8085
7390 3160
4223 1439
2142 9666
6246 7855
379 4087
6287 7372
157 3389
5221 8566
3407 2874
9027 9239
2536 8366
5631 8025
3664 1533
7499 9564
2699 8142
7795 9501
4652 3649
1565 2986
1328 3319
2154 6019
3047 5753
6342 5930
645 2454
8284 5187
2115 2804
910 1086
2404 2427
2996 5851
3584 6935
9081 220
3547 4317
648 1186
5797 4942
4942 5398
6856 9244
224 1852
1961 9538
4713 2455
5061 9034
5961 6866
6131 4395
4898 4201
6352 5181
9099 7056
2180 7141
9041 9697
1483 7470
4425 2529
2763 6092
3020 5951
8055 5343
301 54
8714 6867
8992 9707
3420 5461
8336 1637
2567 5906
3570 2169
8303 2006
5994 7820
5571 9184
6644 2080
1330 4263
6191 8353
1062 3798
4916 6919
6064 8350
9291 5175
9735 9130
4974 1512
2155 9872
1848 547
6109 5836
2535 1797
7385 3644
3620 6517
3944 6044
1917 5292
8252 6110
9825 6565
518 3577
5335 9693
6322 4952
235 9996
4886 6500
816 4076
3953 6424
8608 3489
2673 4027
533 605
