100 9 10000
3203 2052
7806 42
9471 6773
7194 9609
2559 2987
7540 6744
778 4142
460 1618
8829 4418
7664 9712
8689 9614
8451 5674
1130 9944
352 4388
4650 6657
1720 9939
994 1341
9508 9002
4295 724
6922 7935
1547 3974
554 6623
6218 1502
2129 5293
5021 5477
3805 1663
5455 3280
6440 2969
2312 3845
1620 8707
5563 3772
9990 4749
8817 3675
480 7706
7222 7481
4800 3847
5970 3258
5964 2198
4771 4170
6587 5854
6171 5611
9997 5681
3015 5150
6935 2415
6371 659
8683 4936
2464 5603
1338 7868
295 6837
3867 1167
2244 3471
7275 1285
4606 6292
9692 7560
1626 2249
3682 9748
9485 2762
5709 4549
9660 3856
3048 7458
1465 2116
2657 8798
9317 2959
2987 4777
1668 1378
7674 5447
6149 6452
8848 5808
3403 1164
3144 9863
1868 2230
9954 8371
2517 8294
8068 4500
445 1380
9090 2446
3906 218
4945 5817
441 1501
9807 3220
5487 1012
3757 5601
3207 5052
9064 6500
3823 4674
33 4935
2000 1695
8575 6137
224 2586
162 5785
4872 3663
4987 7239
4629 106
451 2191
641 5264
3901 8908
440 1375
9098 2461
9921 982
1439 7783
