100 9 10000
20 5003
40 4998
60 5004
80 5000
100 5004
120 5003
140 4997
160 4999
180 5004
200 4996
220 5005
240 5002
260 5005
280 5004
300 5000
320 4998
340 5003
360 5002
380 4997
400 5002
420 5001
440 5002
460 5000
480 4998
500 4998
520 4997
540 5002
560 4997
580 4997
600 5001
620 5001
640 4998
660 5004
680 5000
700 5004
720 5002
740 5005
760 5000
780 4997
800 4996
820 5001
840 4997
860 5002
880 5002
900 4997
920 5000
940 5004
960 4998
980 5003
1000 5003
1020 4997
8458 9553
9431 7337
6132 390
178 469
1096 6253
5313 5270
7045 9294
7649 7431
5566 7762
783 3077
3011 9101
4723 3329
5572 4278
6407 2239
4409 7009
3716 5316
7315 9043
6983 2114
7820 6591
2634 8040
2193 7317
806 7390
9382 4252
3154 9951
1387 5668
8381 8389
7411 9694
1414 2253
1163 7873
499 8471
9457 4694
4673 7729
8229 8242
2384 3723
5638 4334
2231 9434
9278 9278
4678 7678
5420 9110
6576 7104
7965 5073
8371 6902
9502 3495
3283 5023
2589 5293
2468 1928
8049 4018
9028 6382
6501 6380
