100 9 10000
20 4996
40 5004
60 4997
80 4999
100 5001
120 5004
140 5004
160 5005
180 5005
200 5001
220 5001
240 5003
260 5005
280 5002
300 4998
320 5004
340 4996
360 4997
380 5005
400 4998
420 5001
440 5002
460 5000
480 5001
500 5001
520 4998
540 4997
560 4998
580 5001
600 5002
620 5001
640 5001
660 5002
680 4996
700 4997
720 4996
740 4997
760 5000
780 4996
800 5001
820 5001
4319 8237
4812 7655
168 1012
9469 4228
9407 3783
2420 3247
2588 2057
3890 2691
5163 4460
3079 3325
228 1785
4998 6389
7934 901
2262 4926
6346 3015
5899 3861
223 7606
9336 7593
8948 2537
1125 3175
1444 1574
1584 265
3525 4915
5004 6944
4680 2309
6351 1711
695 5792
3576 4979
5801 2774
9325 4840
1301 1434
2092 9560
4543 5824
4410 4811
4718 4808
4417 7530
2144 4108
3624 6364
6429 3141
8375 6663
5068 3379
7662 9784
258 1421
7351 9940
3033 239
184 2737
3264 3653
5168 4547
6605 3586
8174 7021
8343 7537
1983 1326
9699 6492
8214 7650
7733 6020
7831 8269
8202 3679
4868 4782
4395 6074
