100 9 10000
4999 20
5001 40
5003 60
5000 80
5003 100
4997 120
5000 140
5003 160
4999 180
5003 200
4998 220
5005 240
5004 260
5001 280
5004 300
4998 320
5004 340
5001 360
4999 380
4998 400
5004 420
4996 440
5002 460
4998 480
5005 500
5004 520
5005 540
5003 560
4997 580
4999 600
5001 620
4997 640
4996 660
4998 680
5000 700
5000 720
5000 740
4996 760
5001 780
5005 800
4999 820
5001 840
5002 860
4996 880
5002 900
4997 920
5002 940
4998 960
4997 980
4997 1000
5002 1020
4999 1040
5003 1060
4998 1080
5002 1100
5004 1120
4996 1140
5005 1160
4997 1180
5004 1200
6073 3840
4457 7190
1461 1783
430 5942
685 2725
788 1662
4716 9904
343 2854
6641 2333
8272 2808
7378 6632
5774 2983
598 5435
6277 5451
3634 9789
3586 2506
8243 8721
106 9052
8278 9982
5023 7843
9733 8591
2847 6574
1870 3571
965 9283
4062 3577
7067 6242
3235 7627
4221 5718
3650 3262
4226 4620
5820 5786
3358 189
794 4122
2598 5151
5878 342
2817 5200
8721 7818
1000 5880
1743 4917
3949 1104
