100 9 10000
4999 20
5002 40
5005 60
4997 80
4996 100
5001 120
4999 140
5002 160
5000 180
4999 200
4997 220
5002 240
5005 260
4998 280
4996 300
5002 320
4996 340
4997 360
5005 380
5000 400
4998 420
4996 440
5000 460
5002 480
4996 500
5005 520
5003 540
5000 560
5005 580
5005 600
4996 620
5001 640
4999 660
5002 680
4999 700
5002 720
5005 740
4996 760
5001 780
5001 800
4998 820
4998 840
4998 860
4996 880
5003 900
4996 920
4996 940
5000 960
5005 980
5005 1000
5002 1020
5001 1040
5001 1060
4998 1080
4999 1100
5004 1120
5003 1140
4997 1160
4997 1180
4998 1200
5002 1220
4996 1240
5001 1260
4997 1280
5002 1300
5003 1320
5005 1340
4999 1360
5003 1380
5005 1400
4997 1420
5002 1440
4997 1460
5001 1480
5005 1500
4996 1520
5001 1540
5005 1560
5001 1580
5004 1600
4998 1620
5004 1640
5001 1660
4997 1680
4996 1700
5000 1720
5002 1740
4996 1760
5000 1780
4999 1800
5002 1820
5001 1840
5001 1860
4999 1880
4997 1900
5001 1920
4996 1940
5000 1960
4998 1980
4997 2000
