100 9 10000
20 4998
40 5004
60 4997
80 5005
100 5003
120 4997
140 4999
160 5005
180 5000
200 4999
220 4997
240 5000
260 4999
280 5003
300 4996
320 5000
340 5000
360 4997
380 4999
400 5004
420 5000
440 4997
460 5001
480 4998
500 5005
520 5003
540 4999
560 5005
580 5001
600 5005
620 4999
640 4997
660 4998
680 4996
700 5002
720 5005
740 5004
760 5002
780 4996
800 5003
820 4998
840 4998
860 5004
880 4998
900 5002
920 5001
940 5001
960 5002
980 5005
1000 5005
1020 4997
1040 5000
1060 4999
1080 5001
1100 4999
1120 5005
1140 4997
1160 5003
1180 4997
1200 4997
1220 4999
1240 4997
1260 5005
1280 5005
1300 4999
1320 5000
1340 5002
1360 5001
1380 5002
1400 5000
1420 4999
1440 4996
1460 5005
1480 4999
1500 4998
1520 4997
1540 5002
1560 5003
1580 5000
1600 5004
1620 4998
1640 5001
1660 5004
1680 5002
1700 4999
1720 5004
1740 5003
1760 4997
1780 5004
1800 5005
1820 5002
1840 4997
1860 5005
1880 5002
1900 4996
1920 5002
1104 6840
3976 8046
165 3529
7332 8582
