100 9 10000
20 4999
40 5000
60 5001
80 4997
100 4999
120 4996
140 4999
160 4997
180 4999
200 4999
220 4997
240 5002
260 5005
280 4997
300 5004
320 4998
340 5003
360 5001
380 4997
400 4998
420 5002
440 5004
460 5003
480 4998
500 4999
520 5001
540 5004
560 5002
580 5004
600 4999
620 5000
640 4999
660 5002
680 4998
700 4997
720 5001
740 4998
760 5005
780 4996
800 5004
820 5003
840 5001
860 4997
880 4996
900 5003
920 4996
940 4996
960 5003
980 5003
1000 5004
1020 5005
1040 5002
1060 4996
1080 5003
1100 4999
1120 5005
1140 5000
1160 4998
1180 4998
1200 4998
1220 5004
1240 4996
1260 5005
1280 5005
1300 4996
1320 5001
1340 5004
1360 5002
1380 5000
1400 4996
1420 4998
5405 1688
8866 5934
1036 3295
9443 3024
4621 9061
3358 7702
7727 833
5143 5651
5179 6422
2349 5292
9228 3929
3682 5331
6079 9489
7345 1817
9418 917
2000 1501
9985 5264
8349 9269
2761 4800
6611 8126
6835 7058
6406 6235
4494 4276
499 2155
7580 5003
9355 9135
6896 3973
4104 7241
9703 9388
