9 34
3 9 -6 473335
6 9 -5 910801
8 9 7 50073
5 3 7 200428
7 9 -5 742468
1 9 -9 355235
4 1 -5 227562
2 3 5 972246
5 6 3 250155
2 6 2 776227
5 4 7 786871
5 2 -4 676958
6 4 3 383297
7 2 10 955392
1 6 -9 380569
2 1 -8 914258
5 8 -6 87281
4 3 -1 638860
5 7 -5 38169
4 9 3 223765
9 2 4 56682
4 2 -6 53820
2 8 6 472208
7 6 -10 491315
8 4 -2 377914
5 9 -7 354670
5 1 -4 355964
3 1 6 383324
7 3 -9 651094
3 8 -4 810392
8 7 10 884969
7 4 -4 159451
3 6 6 668562
8 1 7 156018
10 9
1 4 -10 408331
3 1 -10 136593
5 3 -5 127924
7 3 -7 996623
2 1 -7 409818
8 4 -6 574583
9 5 0 928580
6 5 4 333417
10 2 2 236153
5 9
4 2 -3 62469
1 4 -1 846766
5 2 -5 547992
3 4 -1 415459
5 3 -3 52479
3 2 5 478946
4 5 0 724855
2 1 -9 641227
1 3 -8 584405
3 2
2 1 -1 480044
3 1 -9 957070
9 29
7 5 -7 416837
3 7 -4 243906
2 7 5 216286
6 3 -4 33404
1 2 0 133415
4 3 3 403598
9 2 -8 976808
8 2 2 632176
8 4 2 581959
9 3 7 974746
9 7 7 770305
9 8 -6 781443
9 4 -9 206623
5 3 7 128632
7 1 -6 115350
2 6 -8 311418
8 7 -2 220187
1 4 -1 760087
7 6 2 569582
8 6 4 703012
4 6 -6 896424
8 1 -6 100027
6 5 -3 208847
2 4 -3 700173
3 8 6 959772
5 2 -8 412287
1 9 1 765464
5 4 -2 227947
3 2 -6 556754
10 13
8 2 2 491446
4 2 -7 868170
6 8 -1 14215
10 2 7 548762
7 2 7 124425
9 2 4 189004
5 6 6 888764
3 8 1 931262
1 8 -10 931225
3 6 10 856000
5 2 6 449502
9 1 -10 896808
9 7 3 964377
4 3
4 2 0 614688
3 4 1 724768
1 3 -1 633682
7 10
2 6 9 413756
7 2 -9 542462
3 2 3 846326
4 3 8 121407
1 6 9 474549
5 4 -3 975784
5 3 -7 463426
6 5 -5 956635
4 2 10 188434
2 1 3 851723
4 3
2 4 4 466263
1 2 9 992465
3 4 -3 807907
9 10
4 1 -4 140905
9 1 -9 880333
3 1 9 323303
5 1 6 330934
7 1 7 84945
2 4 8 433189
6 2 -7 147262
8 7 9 839712
9 3 10 608465
7 3 0 795612
11 49
5 11 -1 899489
3 5 -5 702761
4 3 8 893167
8 3 -9 206023
9 4 5 119633
1 9 0 579633
7 8 -4 21054
6 9 10 22268
2 6 9 451620
10 6 -3 712428
4 10 -1 106705
4 1 6 718426
5 1 5 836589
7 5 6 845570
2 4 0 988607
7 2 5 578883
3 2 -4 579911
9 8 7 949552
4 8 9 533212
1 10 4 771895
1 8 -10 239832
3 11 -1 622216
9 7 -1 783791
1 11 6 86710
4 7 7 949175
7 1 -1 475382
11 2 -3 438415
9 5 9 178416
2 5 -1 770279
4 5 8 43487
9 10 2 354252
11 4 8 480971
1 3 -3 567316
6 7 7 191132
8 6 -6 637296
2 10 5 546535
7 10 -2 922119
11 10 -3 401588
11 6 7 376843
9 11 -9 876972
3 9 9 582714
8 5 9 961583
6 1 -8 697178
7 11 7 230110
10 3 6 572602
6 5 8 822564
8 11 8 1333
6 4 5 681354
7 3 8 390249
11 24
11 9 8 706385
3 11 -3 742148
8 11 -7 23933
1 11 4 945578
7 8 8 936985
6 7 -1 172296
4 9 9 406375
2 8 10 442908
5 8 1 225717
10 11 -8 992201
3 7 -10 855738
1 4 -7 422891
4 8 2 412984
10 6 -7 898997
1 8 -5 704027
4 10 -5 565833
4 11 4 677718
2 6 3 372482
7 11 -7 254263
5 11 -9 641309
1 3 -7 67900
7 9 5 86075
5 2 2 970204
4 3 9 456105
6 12
1 5 2 647233
2 1 -4 184222
6 5 2 561015
3 5 -1 661087
4 3 -8 974467
1 6 -3 609647
2 3 8 644797
6 3 6 966947
6 4 -6 713865
6 2 -1 13990
4 2 1 282269
5 2 9 730433
5 7
3 1 -2 801731
4 3 3 318913
5 1 -6 655192
2 3 4 350216
4 2 0 246752
5 3 -6 618090
4 1 -1 331553
6 11
4 6 -1 156864
5 4 10 196221
3 5 -9 378501
1 5 -8 43237
2 4 -4 709152
3 4 4 298901
3 2 -3 586539
2 5 -9 803228
6 3 7 210699
4 1 -1 47962
3 1 -10 352440
11 45
6 10 1 558622
5 10 3 723458
1 10 6 152178
7 1 -4 446015
4 5 -5 767315
9 4 8 612951
11 1 -7 623412
2 7 5 277800
8 9 -9 687329
3 2 6 665066
8 7 10 898731
10 3 -7 402589
5 11 0 13954
3 1 6 273296
6 8 -7 925937
7 5 4 549109
11 4 6 451765
6 1 -10 998136
10 2 2 798237
4 2 -6 826422
4 10 1 644119
1 2 -6 102779
8 10 0 976033
8 5 -5 520853
6 9 9 763181
11 9 -10 449207
6 3 -5 231358
10 7 1 751452
8 3 3 710131
2 8 -8 254283
11 8 -7 415960
9 7 8 331613
1 5 7 385833
11 2 10 563370
4 7 -4 710432
11 10 2 320688
6 2 -3 360476
3 11 -2 563560
1 9 -2 632545
9 2 -3 342076
5 6 -2 656614
4 1 -3 15043
11 6 8 507493
5 3 5 201792
3 7 -4 756535
8 7
2 8 7 228121
4 2 10 331158
3 8 4 750680
5 8 -2 70497
7 4 10 908773
6 4 -7 375277
1 2 0 356256
11 10
11 9 -1 812984
4 11 -10 239044
6 9 9 855602
3 9 7 169927
5 9 -10 758237
2 9 9 927187
10 5 6 673300
8 10 -8 720908
7 6 -4 608446
1 3 6 916931
6 11
4 3 -7 658699
1 4 -8 837299
2 4 -9 426278
5 3 -5 182695
6 5 4 75537
3 2 -6 881204
4 6 7 355311
2 1 4 624317
3 6 5 592530
6 1 0 47608
1 5 3 237248
4 3
4 1 -10 671534
3 4 -2 9076
2 3 6 190796
4 3
1 2 -4 109520
3 1 -3 976485
4 2 7 848744
3 2
3 1 6 976834
2 1 -5 859746
11 23
9 11 5 288726
10 9 -5 494070
2 11 1 401163
8 2 -7 94825
7 11 -4 425153
3 2 -3 853525
4 9 -7 320120
5 11 8 736547
1 5 -1 548824
6 8 -10 612175
9 8 -1 676613
9 6 -2 104517
3 6 4 577668
9 1 -10 873199
2 6 9 417857
8 10 -8 659373
9 7 1 695071
6 11 -6 666849
1 7 4 151195
3 9 -9 324404
3 8 5 83940
10 2 -8 765392
3 7 6 778927
7 8
7 3 -7 645327
6 3 -4 188858
2 6 9 2245
1 6 -4 604230
5 3 -8 62296
4 1 -8 158301
4 5 -8 76109
5 6 -10 562178
8 23
8 4 -3 214176
2 4 -3 455965
6 2 4 465261
3 4 2 663972
1 3 3 758102
7 6 -2 163861
5 1 10 344253
8 3 3 677381
7 3 -9 106219
8 6 2 330109
4 5 5 372003
6 3 0 464299
4 1 2 734280
6 1 -4 952270
4 6 -6 607374
5 6 2 670158
2 3 -7 853440
2 7 -7 665250
5 2 9 552213
3 5 9 568681
7 8 10 411373
7 4 8 41973
1 8 8 565436
9 31
7 3 8 63774
9 7 9 68525
4 9 -9 70477
5 3 2 107731
6 9 -2 653859
2 7 -6 441023
8 3 -10 236549
1 2 -9 78536
8 7 -1 779173
1 3 2 410462
9 5 -8 343200
7 1 -5 785319
9 8 -5 974615
1 4 7 890584
8 2 -3 468826
9 3 2 713457
4 8 8 698611
5 7 -8 243739
4 3 4 664803
2 9 -1 482130
8 5 -5 434538
5 6 6 825220
1 6 -1 648119
4 2 -9 906938
6 8 -5 998661
5 4 5 341595
3 6 -3 348751
4 7 10 707102
5 2 -3 210305
2 3 -4 143052
4 6 -8 16215
2 1
1 2 2 30153
2 1
1 2 -9 410485
7 6
6 1 -3 133639
5 1 -8 690212
7 1 9 919781
4 5 6 531419
3 4 10 98898
2 3 5 684931
6 5
1 4 -3 303219
5 4 2 989714
6 4 -4 874470
2 4 9 919034
3 6 4 914584
4 3
1 4 2 529168
3 4 -10 639078
2 3 -1 264664
3 2
1 3 -9 347162
2 3 -9 512797
6 8
4 6 8 979270
3 4 4 749662
2 6 1 523970
5 6 4 662673
1 5 -7 341943
5 3 6 192474
4 2 -9 195365
1 4 -3 775210
8 17
5 2 8 832537
7 2 -3 58884
1 5 -5 357909
6 2 -10 664118
3 6 -1 157710
4 3 8 445707
8 6 2 849838
6 5 -10 916087
7 6 7 292259
8 7 0 557582
3 2 -3 853051
4 6 10 489436
1 3 1 246715
1 7 -9 929631
3 7 2 826131
5 7 2 582849
4 8 4 488234
10 27
5 9 9 269893
4 9 -1 987318
6 5 -4 11513
3 5 -8 929816
10 6 7 137293
1 5 1 126262
2 9 6 282351
8 4 8 790719
7 6 8 991355
3 4 -6 375922
4 6 6 839426
10 1 -1 21480
8 6 0 417115
9 8 4 523312
1 8 -9 101097
2 6 4 244660
4 2 4 340353
4 1 -7 321010
10 3 4 379468
9 6 -10 824718
7 8 -7 465520
7 2 6 455952
2 10 -5 113715
4 10 -8 861141
3 6 -3 795907
1 3 3 882205
6 1 -3 601721
10 9
7 3 6 170020
1 7 6 973157
9 7 1 865314
5 7 -2 668860
4 7 9 412087
2 3 -3 156104
8 2 7 567751
10 9 -1 200922
6 9 7 23072
5 4
1 4 -3 686394
3 1 10 235977
5 4 10 106858
2 1 7 536568
8 24
7 8 9 189211
1 8 -2 17403
3 7 1 513541
2 3 -6 361191
6 2 -5 477172
5 1 1 162193
4 1 -1 953915
2 8 9 543717
7 6 3 713656
3 6 2 724800
4 6 7 644425
1 2 -4 47681
3 1 -5 676658
5 2 5 975859
3 4 -10 834612
4 2 2 999064
3 8 -8 123968
5 3 -5 770897
7 2 8 149163
5 6 4 584564
4 5 8 62252
6 8 -7 964349
8 5 -7 862054
7 1 0 78492
3 2
1 2 -3 118686
3 1 -1 497628
3 2
1 3 0 891855
2 1 -2 617335
3 2
3 1 4 455805
2 1 -8 500455
7 6
6 2 9 631622
7 2 -7 794322
1 6 9 317534
3 1 -3 848864
4 7 -3 671839
5 1 5 664125
4 3
4 1 -3 206979
2 1 9 881570
3 2 3 755644
9 8
3 8 9 936246
6 3 -5 575388
7 8 9 407811
1 6 2 952754
9 3 10 920787
5 7 -10 673909
2 8 9 906442
4 9 0 230984
9 17
7 4 -5 145856
8 4 -10 468091
5 7 5 482565
3 4 -3 309888
9 7 8 776254
6 3 10 568274
2 5 0 74466
1 4 3 709574
2 8 -2 54315
8 6 10 944938
9 2 -5 251263
8 7 -9 427469
3 5 -8 465078
5 4 8 546370
8 3 -2 290551
8 1 -1 426025
7 3 -10 821922
6 14
4 3 10 190488
2 3 -8 368310
6 3 3 589141
5 6 4 12198
1 3 -4 537383
5 4 -10 799887
2 5 -9 469062
3 5 8 407100
5 1 10 756662
6 2 -2 651979
1 2 -10 530093
6 4 -9 306539
4 2 5 291608
6 1 1 633342
4 5
3 4 5 700992
2 4 -3 646801
1 2 -7 763953
4 1 -10 699534
2 3 -1 964713
2 1
1 2 -8 994819
5 4
4 1 4 264126
3 4 7 118497
5 3 -3 849605
2 5 -9 982235
4 4
1 3 5 483621
4 1 -1 310097
2 4 -5 621061
4 3 -8 803581
4 3
1 3 1 638388
4 1 3 398485
2 1 -4 793186
2 1
2 1 0 887886
5 8
4 1 -1 322468
5 4 0 32513
3 1 6 272931
2 1 4 215737
2 5 4 438548
3 5 5 197915
1 5 0 102382
4 3 0 330443
6 6
4 5 -9 669868
3 5 8 297052
1 5 6 654505
6 5 7 108676
2 4 -3 929175
6 2 4 29862
7 7
4 3 8 468762
2 3 0 29752
5 3 0 188336
7 3 9 519458
6 2 1 669708
1 5 -7 930819
7 5 -10 266839
8 27
1 4 1 65116
2 4 -1 377287
5 2 -9 932640
7 4 -3 452008
3 2 8 956960
8 7 1 116672
6 4 -7 822968
2 7 -5 438119
2 6 5 232082
1 3 -9 982457
8 1 4 105921
8 5 -10 952581
3 4 -4 691945
8 4 4 131144
8 3 -8 107102
1 5 6 165732
8 6 7 660038
7 1 -8 903265
5 7 3 940021
1 6 -9 903517
5 3 -2 866893
3 6 8 856873
6 7 -2 18712
5 6 6 589989
8 2 -1 681805
3 7 -7 579946
1 2 -5 43392
10 26
6 7 1 32003
9 7 -7 451895
3 9 5 960739
10 7 -8 805479
2 7 3 781970
4 9 -4 823236
5 7 2 780672
8 4 10 816881
1 4 -9 530065
2 3 10 951798
4 2 -10 209824
5 8 2 149206
7 4 -3 460325
5 1 -8 294239
8 9 10 176494
1 3 -2 797974
3 6 6 879732
6 8 0 791225
1 2 3 246396
8 7 -8 484390
1 9 9 751189
10 8 -9 512902
5 10 9 503391
9 10 -5 439520
3 7 -7 167748
10 6 7 864390
6 14
1 5 4 485302
6 1 2 694925
2 6 -8 355128
4 2 -10 245587
3 5 4 807513
4 5 6 798597
4 6 -1 314591
3 4 -2 770800
5 6 1 851285
1 3 -6 889525
2 1 7 482016
5 2 -6 942228
6 3 -8 482772
4 1 -5 231539
8 13
8 5 10 701068
4 5 -7 885249
2 4 9 59925
7 2 5 152540
6 7 0 815940
1 6 5 572906
3 2 -7 424847
8 2 -10 522816
8 1 -9 600188
6 4 -8 561734
3 1 -6 212038
4 8 -7 225698
6 8 6 840339
10 43
4 9 8 281325
5 4 -4 84997
2 5 -3 875344
10 4 8 766017
7 10 -8 851454
8 5 -9 267054
6 4 2 878621
3 6 -5 599723
1 5 2 754975
7 5 -7 615196
3 5 9 951916
1 2 6 343076
9 6 4 82549
5 9 -1 82807
2 6 4 706532
6 5 -4 480122
4 2 -6 180428
8 1 6 266722
7 1 0 146631
3 10 0 20569
7 9 -4 15404
9 3 2 707171
8 4 3 590911
10 1 -1 680106
4 1 -2 979848
6 1 -9 111111
9 8 3 47539
10 5 -4 43578
2 10 1 275982
1 9 7 47851
8 2 -7 674672
3 4 -3 9022
10 9 -2 735031
3 2 6 576296
3 7 2 135508
7 8 7 108206
6 10 10 210739
8 3 1 965822
7 2 3 821863
4 7 -5 89251
3 1 1 655895
8 6 -4 145869
9 2 -2 318756
10 22
3 1 -10 697744
2 3 -2 382583
10 1 5 319055
4 10 -3 526539
9 1 -2 133138
5 9 3 179591
6 10 4 531237
7 1 -4 496298
8 9 -8 543202
4 7 0 677219
2 10 7 331333
6 7 3 960252
8 3 -9 942217
5 10 3 865967
8 2 -4 945102
5 1 -3 575387
4 3 4 516141
2 7 1 763343
5 3 0 721808
6 4 8 117652
9 10 5 869594
2 1 4 726450
8 23
2 7 -3 435730
4 2 4 673739
6 7 1 370089
8 6 -5 742218
3 4 2 263800
1 3 8 312198
5 3 8 565012
8 1 7 483051
6 5 -4 874443
2 6 -3 106899
7 8 5 375696
3 2 -4 575324
1 6 -7 601718
4 5 -9 62129
1 4 -1 78263
2 8 9 141976
3 6 -6 439660
4 8 5 603642
4 6 -3 865685
5 1 9 527442
7 5 0 190248
8 5 -8 468869
1 2 5 308896
4 5
1 3 -7 865604
2 3 10 860961
4 1 7 899327
3 4 -9 953421
4 2 10 964162
2 1
1 2 -8 48565
9 24
6 1 -4 563474
8 6 -6 404267
2 6 -10 526879
7 8 5 317359
5 2 -6 666629
9 1 3 254881
3 7 -8 118394
4 2 -7 819505
1 4 2 53414
4 7 6 287246
8 3 -1 652336
6 4 9 972903
1 7 5 24155
6 7 2 770686
3 2 7 863628
1 2 5 918891
9 4 -2 121985
2 9 -7 91142
2 8 -6 252562
8 4 -8 321499
7 2 7 132067
5 9 -5 55898
3 4 -7 731373
1 5 10 628954
3 2
1 2 -4 61066
3 2 -1 921295
7 14
5 2 4 309295
6 5 8 385735
3 5 10 53449
7 6 -9 538976
4 7 -1 239386
1 4 -3 704388
5 4 -9 438136
2 1 -4 993150
6 1 6 130228
1 5 10 162374
1 7 5 816284
3 4 -8 674987
6 2 0 834785
6 3 6 684319
6 5
1 2 2 363330
5 2 5 775143
6 5 8 508811
3 5 0 740066
4 6 4 640005
10 24
6 1 3 299588
9 6 -2 239301
2 9 -8 882565
4 6 -5 424409
3 1 5 106456
5 4 -5 846253
7 5 7 647457
8 6 1 933207
10 3 8 655282
8 1 -6 730303
4 1 0 350651
4 9 -1 959574
2 5 10 783781
9 3 6 375269
9 5 4 163221
1 5 0 683574
1 10 1 776490
5 6 3 465171
2 6 -6 905908
5 8 -10 611952
2 3 6 55276
8 10 2 41164
4 8 -2 56908
8 2 -1 665547
7 16
6 4 -5 546953
3 4 1 822652
5 6 3 983887
7 5 3 514864
1 7 -5 703279
2 4 -4 287341
7 3 1 688043
1 3 -5 115971
6 7 -8 689291
6 3 -2 734857
5 1 -3 65868
2 1 3 319607
3 2 -5 446899
4 7 -10 924263
1 6 -1 130740
6 2 -3 104840
11 10
9 8 -3 514634
6 9 -7 50589
4 8 -5 523467
1 6 5 925655
2 1 9 177730
11 8 0 388567
5 4 9 971221
7 8 -4 361403
3 9 -6 214049
10 5 -2 411806
6 5
5 1 9 908016
2 5 1 25952
6 5 -1 589821
3 6 -4 956010
4 3 -7 875308
4 4
1 4 -10 855586
2 4 9 331639
3 4 9 604124
1 2 0 821311
7 7
5 7 5 103949
1 7 5 109674
6 1 9 739340
2 1 -8 386953
4 7 -6 71769
3 6 10 96140
2 5 0 733640
10 20
6 8 10 357340
3 8 -7 515786
2 3 -7 540730
1 3 -9 920032
7 1 -7 80542
4 3 3 783439
10 8 0 77779
9 3 8 33794
5 1 -1 596047
4 10 5 196261
7 9 4 691153
2 4 3 566480
9 4 6 754694
7 10 7 765624
1 10 -3 658669
7 3 -10 256628
8 1 5 803560
10 5 9 843809
6 10 -7 499298
3 10 -3 640518
10 33
1 9 6 984011
2 9 2 533472
7 9 -5 991556
10 2 -6 591477
4 10 -2 40583
8 1 3 773550
3 9 -2 407275
5 4 -9 634786
6 3 7 286695
9 4 -6 917182
9 5 2 196405
2 8 6 123112
8 5 -8 243728
6 5 9 553376
6 10 -9 265870
5 1 -8 53116
1 6 -4 19395
1 3 -7 411612
6 8 -5 255302
10 5 -2 324419
2 1 -4 132702
3 5 9 379781
7 2 4 613302
7 8 -7 771201
8 10 7 68539
2 6 -9 646415
4 2 10 23275
1 7 -3 304017
7 5 6 691655
9 10 2 860493
3 4 10 119008
3 7 2 388060
6 7 2 888107
2 1
1 2 -5 670092
8 7
8 6 -3 9874
4 6 -2 849191
5 6 -2 159862
1 5 10 406085
7 1 4 182984
3 8 -4 898313
2 7 -8 335629
8 7
7 1 6 47876
4 1 -5 849119
8 1 2 784613
6 4 8 439979
3 6 -3 869969
5 6 -10 630164
2 7 -2 342434
8 14
4 5 3 983762
3 4 9 12781
6 4 6 988752
7 4 1 264107
1 6 10 235184
2 5 -10 649951
8 7 -10 636391
2 4 -9 552686
6 3 -4 335724
3 2 -1 847972
7 6 5 929471
5 1 3 369867
4 8 -7 468969
1 8 5 821263
6 5
3 4 -10 773615
6 4 1 441726
5 6 -9 540205
1 3 3 233930
2 1 -1 378043
8 9
7 5 9 466986
2 7 1 829049
3 2 6 496569
1 7 3 869251
6 1 3 143616
4 2 4 218903
8 3 3 236219
4 5 -2 505416
3 1 8 668504
4 3
1 4 -8 491282
3 4 5 4583
2 3 6 78307
6 12
5 1 6 544115
6 5 -10 885620
3 1 -1 541740
4 3 8 641228
2 1 8 354537
4 1 1 355251
4 5 8 589560
6 4 -2 458643
2 4 2 243929
6 1 -7 290101
2 3 -6 389650
2 5 10 708166
7 6
6 5 3 522293
3 5 5 157858
4 5 2 731914
1 4 10 149216
7 6 10 282534
2 7 6 506338
9 8
9 3 -8 971981
1 3 -5 570788
2 3 4 426842
5 1 -2 314194
4 9 1 778029
7 9 9 740573
6 2 0 255801
8 1 -6 84673
3 2
3 2 9 746021
1 3 5 720323
3 2
3 2 7 179505
1 3 -3 606835
11 34
2 1 -5 120027
5 2 -4 800113
3 5 6 596907
11 5 -4 229119
6 3 0 734224
4 6 8 291491
8 4 -8 195110
9 3 10 184646
7 1 -3 733609
10 2 3 764583
10 9 -10 925475
6 1 0 307327
5 8 2 124918
1 5 -3 293854
2 11 9 885988
6 5 1 786588
10 1 10 283259
10 6 -9 882405
11 8 1 648326
8 6 -5 68472
1 9 8 148704
10 3 -10 311004
3 1 3 236010
5 9 1 828852
7 11 7 419768
3 7 -9 875412
3 4 3 62212
8 10 -5 165282
9 8 2 824666
4 1 -8 347888
8 1 7 179367
10 11 -6 257376
4 9 4 605043
9 2 8 47684
3 2
2 1 -6 788272
3 1 2 212366
8 19
2 3 1 391134
1 2 3 585033
6 3 -2 693705
4 1 -3 600530
8 2 -5 460254
5 2 -5 706409
7 1 7 270003
3 4 2 792288
6 2 10 582252
3 5 -10 644868
8 7 2 907758
3 1 2 851131
4 2 9 381381
2 7 -9 780131
8 6 8 996023
4 5 3 389494
1 6 7 802449
8 4 -5 412692
4 6 4 451119
7 12
4 5 -10 344208
1 5 4 693658
6 4 -6 249105
3 1 3 252940
2 4 8 256409
7 3 -2 139504
3 6 -1 489504
1 2 -2 359459
7 1 -7 880063
4 1 2 690612
5 6 9 925564
2 3 -5 855760
9 35
4 3 0 731012
6 4 -3 456083
8 3 1 925783
1 4 -10 369187
7 6 -3 61379
5 7 1 154559
9 4 8 623732
2 6 3 615354
3 1 -6 481369
6 5 -1 674615
9 1 1 943114
9 2 10 298810
5 9 3 313352
7 2 5 649830
8 5 7 199950
3 2 -10 606653
8 7 6 821467
1 2 -4 282518
6 3 -5 566952
9 8 -7 273372
4 7 -1 868608
9 3 8 489416
7 3 10 725040
8 2 -3 237175
5 2 10 983751
6 8 0 21916
1 6 -4 620023
3 5 -1 852796
1 7 -8 81273
6 9 -9 468081
8 4 6 927829
4 2 0 523706
9 7 -3 154003
5 4 -9 775765
8 1 5 411436
11 21
9 11 -8 901522
10 11 10 412346
7 9 -1 745670
1 11 -2 948041
3 7 -3 769116
2 7 1 871822
5 3 10 235681
6 10 6 811354
4 2 0 94276
8 3 7 57566
10 2 -9 885495
4 5 10 258117
1 8 -5 815027
8 4 10 389669
10 9 8 399862
5 11 -8 589743
5 9 3 639568
11 3 2 459707
3 1 -7 685767
7 5 -2 542182
10 5 1 65200
10 19
10 3 -1 693369
7 3 -3 939076
6 3 0 304191
8 3 -2 205073
4 8 -8 73491
5 4 0 785146
9 7 -4 277160
1 4 -10 897431
2 6 1 908397
8 6 9 492729
9 6 10 816904
6 5 -5 907672
1 5 -8 178633
4 6 -4 718861
3 9 5 885985
1 6 -5 440897
1 10 0 715394
2 7 6 206305
9 8 5 990579
6 9
6 1 3 537046
3 6 -3 444105
5 1 -9 431261
2 1 10 137686
4 3 4 190311
2 5 8 35431
4 5 -3 603912
3 1 4 374577
5 6 -8 796345
7 17
5 3 10 780184
4 5 -10 424924
7 4 3 107045
1 3 -9 118275
6 4 -2 511985
2 7 -8 208789
5 1 2 793922
7 1 2 764840
4 1 -6 927919
4 2 -6 386337
7 6 8 754079
3 6 5 407837
1 2 8 657406
6 5 6 402885
5 7 -9 885596
5 2 -10 995551
4 3 8 949088
4 3
2 4 -8 243889
3 2 1 398101
1 3 10 595727
8 27
2 4 -3 514603
7 2 4 842109
3 2 2 285261
1 2 5 151357
8 4 -5 260267
6 3 1 752219
5 7 10 665929
1 5 -6 840652
3 1 -4 501075
6 2 7 145298
3 4 1 510299
8 2 -10 369568
7 1 -1 211259
6 8 9 324723
5 4 -8 941623
5 2 0 509828
7 3 -2 172093
4 6 3 76679
3 5 5 632361
5 8 -10 500649
1 4 8 666066
8 7 8 88373
6 5 5 331766
1 8 6 926668
1 6 9 316464
3 8 0 285164
6 7 -9 35541
11 10
2 6 -4 730226
8 6 5 8179
4 6 1 901429
10 2 5 619413
1 10 10 576815
7 4 -3 932914
5 6 -9 966528
9 6 -6 375859
3 7 -2 129050
11 9 7 550468
