999
998
997
996
3
995
994
993
992
3
991
2
3
990
3
989
988
2
987
986
2
2
985
984
983
2
982
2
981
980
3
979
978
3
977
976
975
3
2
1
2
2
2
974
2
973
3
1
972
971
2
970
969
2
968
2
967
966
965
2
2
964
2
963
962
1
961
2
960
959
958
957
956
955
954
953
952
2
1
951
2
950
949
948
2
947
2
2
2
2
2
2
946
1
2
2
3
945
2
2
3
944
943
942
2
1
941
940
2
2
2
1
2
939
938
937
936
935
2
2
2
3
2
2
934
933
2
932
3
931
2
930
2
2
929
3
928
2
2
927
3
926
925
2
3
924
2
2
923
3
2
922
921
2
920
2
919
2
2
2
2
3
918
917
2
2
2
916
915
914
913
2
2
2
912
2
2
2
911
1
910
909
908
907
2
906
2
2
905
2
904
903
902
901
2
900
899
2
2
898
897
896
2
895
894
1
893
2
2
2
892
2
2
2
891
890
889
888
1
887
886
2
3
885
2
884
2
2
2
883
882
881
1
2
2
880
3
879
878
877
1
2
2
876
875
2
2
1
2
3
874
2
2
873
872
871
870
869
868
867
2
2
2
3
866
865
2
864
863
862
861
860
859
2
858
857
2
3
856
2
1
2
2
2
2
2
855
2
2
854
2
2
2
853
852
851
850
849
2
2
848
2
847
846
845
844
2
843
2
842
2
841
840
839
2
2
838
2
2
837
2
836
2
2
835
2
834
2
833
2
2
832
831
830
3
2
829
2
2
2
828
827
826
825
2
2
2
1
824
2
2
1
823
2
822
821
820
819
3
2
2
2
2
2
818
2
2
817
816
2
3
815
814
813
812
811
810
2
2
2
2
809
2
808
807
806
805
2
2
2
2
804
1
3
2
2
2
1
2
2
803
1
802
801
800
2
2
799
2
1
2
2
1
798
797
2
796
795
794
2
2
2
793
792
791
790
789
2
2
2
788
2
787
2
2
786
785
784
783
782
781
1
2
780
2
779
778
777
2
776
2
775
774
2
2
773
2
2
772
2
2
771
2
770
769
768
767
2
766
765
764
2
2
2
2
2
763
2
762
761
2
760
759
758
2
1
2
2
757
2
756
755
754
2
753
2
2
2
2
2
752
2
751
2
2
750
749
2
748
747
2
2
2
2
746
745
2
744
2
2
743
742
2
741
740
739
738
737
2
736
735
734
2
733
1
2
2
2
2
732
731
730
2
729
2
728
727
2
726
2
2
725
724
2
2
2
723
722
2
2
2
721
1
720
719
2
718
2
2
717
716
2
715
2
2
2
2
2
1
714
713
2
712
2
2
2
2
2
2
2
711
2
710
709
2
2
708
3
707
1
2
2
706
705
2
704
703
2
2
702
2
2
701
700
699
698
2
2
697
2
2
696
2
695
2
694
2
693
2
2
692
691
690
689
2
2
2
688
2
2
2
2
2
687
2
2
1
1
686
685
684
3
683
682
2
681
2
680
2
2
679
678
2
2
2
677
2
676
675
674
673
2
2
672
2
671
1
670
2
1
669
2
668
2
2
2
2
2
667
666
1
2
1
665
664
663
2
2
2
2
662
2
2
2
2
661
1
2
2
2
660
659
658
657
2
656
655
654
653
652
651
650
649
1
648
647
646
645
644
643
642
2
641
2
640
2
639
638
637
0
636
2
635
2
2
2
634
2
633
2
632
3
631
630
2
2
1
629
2
628
627
626
1
625
624
2
623
622
621
620
619
2
618
1
1
2
2
2
617
616
615
1
2
2
614
1
1
613
612
2
2
611
2
610
609
608
2
2
607
606
605
604
603
602
2
2
601
600
599
598
2
2
1
597
2
2
1
596
2
595
594
2
2
2
2
2
593
592
2
591
590
2
2
589
588
2
587
2
586
585
2
584
583
3
582
1
581
580
1
2
2
579
578
577
2
2
2
2
576
2
575
2
574
0
573
2
2
572
2
2
2
2
571
2
2
570
569
2
568
567
566
2
2
565
2
2
564
563
2
562
1
561
2
560
2
559
2
2
2
558
557
2
2
556
555
2
554
553
2
0
1
552
2
2
2
1
551
550
549
2
548
547
546
545
544
543
542
541
2
2
540
2
539
1
2
538
537
536
535
534
533
2
2
2
2
532
531
530
2
2
1
529
2
528
527
526
1
1
525
524
1
523
522
2
521
2
520
2
519
2
518
2
517
2
2
1
516
515
514
2
2
513
512
1
2
2
2
2
2
1
1
511
1
510
2
2
509
2
1
2
508
2
507
2
2
2
1
2
2
506
2
2
2
505
2
1
0
504
503
2
502
501
1
2
500
499
2
498
2
1
497
496
495
2
1
494
2
493
492
2
2
2
2
491
490
2
1
489
2
488
2
487
486
485
2
484
483
2
2
482
2
481
1
2
1
480
479
2
478
2
1
477
1
476
475
474
473
2
2
2
472
471
2
2
470
469
1
468
467
2
2
1
466
2
2
465
464
1
1
463
462
461
1
460
2
2
2
459
2
2
1
458
457
456
1
455
454
1
453
2
452
1
451
2
450
2
2
449
1
2
448
1
447
2
2
446
445
2
444
443
2
2
1
2
442
441
2
440
439
438
437
2
436
2
435
2
434
1
433
432
431
2
2
2
430
2
429
428
1
1
1
2
2
2
2
2
1
2
1
427
2
2
2
2
1
2
2
0
2
2
2
426
2
425
424
1
2
423
422
2
2
2
0
2
1
2
2
421
420
1
419
418
417
416
415
414
414
0
2
413
1
2
2
412
2
411
410
409
1
1
408
1
2
2
407
406
406
2
2
405
404
1
403
402
2
2
2
2
401
2
2
1
400
399
2
398
2
397
396
395
394
393
392
2
2
392
2
0
1
1
391
0
390
389
388
387
2
1
2
2
2
386
2
0
385
385
384
383
1
2
0
382
381
1
2
2
2
380
379
1
378
377
2
376
2
0
2
375
2
0
375
375
374
373
1
372
1
2
1
2
2
0
371
370
369
368
2
367
2
1
366
365
2
364
363
0
362
2
361
360
1
2
359
358
357
2
357
356
0
355
2
354
2
2
353
0
352
2
351
350
349
0
348
347
346
1
345
0
2
345
1
344
0
343
342
342
341
340
2
339
338
0
337
336
335
2
0
334
334
2
0
333
332
2
1
0
2
331
330
330
329
328
328
2
327
326
325
325
1
0
324
324
0
323
322
322
322
2
321
2
2
2
2
320
319
0
318
0
317
2
316
316
315
0
2
314
314
1
2
2
313
2
313
0
312
311
311
311
310
0
0
1
309
0
308
307
1
0
306
305
0
0
2
2
2
1
2
1
1
305
305
2
2
305
1
305
305
305
304
303
1
1
0
2
302
301
300
1
299
298
0
298
297
296
0
0
0
296
2
2
2
0
2
0
2
0
1
2
295
2
2
2
0
294
294
2
293
292
2
292
292
291
291
2
1
291
290
290
2
290
0
290
0
2
289
2
2
288
2
288
287
0
0
286
286
2
286
0
2
286
285
2
285
0
0
284
2
0
1
2
2
0
2
284
2
1
0
283
2
2
2
282
281
281
281
0
2
280
279
279
0
278
2
1
277
2
277
2
276
275
274
274
0
0
0
2
273
1
273
0
2
1
2
273
0
272
271
270
270
269
0
0
2
268
2
2
268
2
268
267
2
266
266
2
0
266
2
0
265
1
0
0
1
1
2
1
265
264
2
2
1
264
2
0
2
2
264
1
0
1
0
263
2
0
262
2
0
261
261
1
260
2
2
260
1
259
1
2
0
258
257
257
257
1
2
256
255
0
0
254
1
253
252
251
250
250
0
1
249
248
248
1
248
0
0
0
1
1
1
248
0
1
247
246
246
245
2
1
2
2
2
244
243
242
242
241
2
0
2
240
0
0
239
0
239
0
238
2
237
236
0
236
0
0
0
1
235
2
234
0
234
234
233
233
232
0
2
231
2
230
229
229
229
229
229
229
228
228
227
227
2
0
226
225
0
0
0
224
223
0
0
222
2
221
0
220
219
1
219
218
1
0
218
2
2
2
2
0
218
1
218
0
218
218
3
0
1
218
218
218
217
1
1
217
216
0
0
215
214
214
0
213
2
0
0
213
2
0
212
212
2
212
212
0
2
0
212
2
0
212
211
1
0
0
0
211
1
0
210
209
0
209
209
0
208
207
207
207
0
207
2
206
206
206
2
2
0
206
206
0
0
206
206
2
205
204
204
0
0
203
203
202
202
202
1
202
2
202
201
0
201
201
200
2
200
199
198
198
198
197
0
197
0
196
0
0
2
195
2
194
194
0
0
0
0
0
2
2
194
2
0
194
0
193
2
2
2
2
192
2
192
0
192
0
0
0
192
1
1
0
192
0
192
2
192
0
0
2
0
192
0
191
190
0
189
0
188
187
0
0
0
186
186
0
186
2
0
0
185
0
184
184
183
0
0
2
0
183
182
182
182
0
2
182
181
0
0
181
180
2
1
0
180
180
180
0
0
180
179
179
0
178
178
0
2
177
177
177
0
177
1
177
176
175
0
175
174
0
0
2
174
0
0
1
174
0
174
2
1
2
0
2
2
0
0
2
2
2
173
0
0
172
172
171
0
170
2
169
0
2
169
169
168
0
0
168
167
2
0
167
167
167
1
167
0
0
166
0
0
0
1
166
165
165
164
0
0
164
164
164
164
164
163
163
162
2
162
0
2
162
0
161
2
161
161
161
160
2
159
2
0
0
159
158
0
157
0
157
156
156
155
0
155
0
0
155
155
0
154
2
2
2
0
154
0
153
152
0
151
0
0
1
150
0
0
149
0
148
0
2
148
147
0
0
147
1
2
146
0
0
2
2
145
0
0
0
2
145
0
0
144
0
0
0
0
144
144
144
144
0
0
1
1
144
1
0
144
0
143
142
2
142
0
0
142
142
0
141
141
140
139
0
139
0
138
137
137
137
137
0
136
135
134
133
0
133
133
0
133
2
0
132
0
132
132
132
2
131
130
0
130
130
2
0
129
129
2
1
0
129
129
128
2
127
126
126
1
126
126
126
126
0
126
126
126
0
126
2
126
0
2
126
0
0
0
126
126
125
124
123
123
123
123
2
122
122
122
2
0
122
0
122
122
121
1
0
121
0
0
121
2
121
120
0
120
0
1
0
120
0
120
0
120
120
2
120
0
120
0
120
119
118
118
118
2
117
0
0
0
2
0
0
117
0
0
0
116
2
0
0
0
116
0
116
116
0
1
0
0
116
0
115
0
0
1
114
114
114
0
114
2
114
114
113
0
113
112
111
111
111
0
0
0
0
111
0
111
0
111
110
109
109
0
109
0
109
109
1
1
0
0
0
0
0
0
0
109
109
109
109
1
0
109
109
109
109
109
0
108
0
108
108
108
108
2
0
0
107
107
106
0
0
0
105
0
105
105
2
1
104
103
103
0
0
0
102
0
0
102
102
0
2
0
0
102
102
0
102
102
0
0
101
0
101
101
101
101
101
0
0
100
99
99
0
2
99
98
0
97
2
97
97
96
0
96
0
0
96
95
0
95
2
95
0
95
0
0
0
0
95
95
0
95
94
93
93
0
0
0
92
91
0
0
0
91
0
91
0
91
91
91
0
0
91
90
89
88
0
0
88
0
88
88
87
0
0
87
87
87
87
0
0
0
0
1
0
0
0
0
87
87
87
87
0
87
0
0
0
0
0
0
0
0
0
0
0
0
0
87
0
87
1
2
0
0
0
87
2
0
0
0
0
0
87
0
86
2
85
0
85
85
0
0
0
2
0
85
0
0
0
0
0
0
0
0
85
0
85
85
84
0
2
84
0
0
84
0
0
2
2
2
84
84
83
83
2
2
83
0
2
83
83
83
82
82
82
0
82
0
0
0
0
82
82
0
82
82
82
1
82
82
82
0
0
0
82
82
0
82
82
82
0
81
81
81
0
0
80
80
80
0
80
79
79
78
0
77
77
1
0
0
77
77
77
77
1
76
76
76
0
0
75
0
75
75
0
75
74
0
74
73
0
0
73
0
73
0
73
0
0
0
73
0
0
73
0
0
1
72
72
72
0
72
0
0
0
72
0
0
0
72
72
72
0
72
72
71
71
71
71
0
2
0
0
71
71
0
71
2
70
70
70
0
0
70
70
0
70
70
70
0
0
0
70
70
70
70
0
70
70
70
0
70
0
70
70
0
0
70
1
69
0
69
0
0
69
69
69
68
68
68
68
0
0
68
68
0
0
68
68
0
0
68
0
0
68
0
0
68
68
68
0
0
0
67
0
2
67
67
67
0
0
67
0
0
66
0
0
0
66
0
0
66
66
2
0
66
1
66
66
65
65
0
1
65
0
65
65
65
0
0
65
65
0
65
0
0
65
65
0
65
65
0
0
65
0
0
65
65
65
65
0
0
0
0
65
65
0
0
0
65
65
65
65
1
64
0
0
64
64
0
64
0
64
0
64
0
64
64
64
64
0
0
0
0
0
0
0
64
2
0
64
64
0
2
2
64
64
0
0
0
0
2
0
64
0
64
64
64
0
64
0
0
64
0
2
64
1
64
0
64
1
0
0
64
64
0
0
0
0
0
0
63
63
0
0
0
2
0
63
0
0
0
62
62
2
62
0
0
62
62
0
0
62
62
62
0
0
62
2
0
0
61
61
60
60
0
60
0
0
0
0
0
2
60
0
0
59
59
0
59
0
59
59
58
0
57
57
57
0
0
57
0
57
57
0
57
0
0
57
2
57
0
0
0
57
0
57
0
0
0
57
2
57
57
1
2
0
0
57
57
0
0
0
0
0
57
57
0
57
0
57
0
57
0
0
0
57
57
57
57
57
0
56
56
0
0
56
0
0
0
56
56
56
56
56
56
0
0
56
0
56
0
56
2
56
55
55
55
55
55
55
0
0
0
0
0
0
55
0
55
2
2
0
0
55
55
55
55
0
0
0
55
55
55
55
55
0
55
2
1
0
0
0
0
54
0
0
1
0
54
54
54
0
54
54
54
0
0
0
54
0
0
0
54
0
0
0
54
2
54
0
2
2
54
1
0
54
53
53
0
53
2
0
53
53
0
0
52
52
52
0
51
51
51
51
51
51
51
0
51
51
0
0
50
50
50
50
2
50
0
50
50
0
50
0
2
50
0
50
50
0
0
50
0
0
50
50
50
50
0
50
50
50
0
0
0
50
0
50
50
2
0
50
50
0
0
50
50
50
1
50
49
49
49
49
49
0
49
48
0
48
48
0
2
48
0
0
0
48
48
1
0
48
48
0
0
47
0
0
47
47
47
0
47
0
0
0
0
46
0
0
46
46
0
0
0
0
0
2
45
45
45
45
0
45
0
45
0
0
2
0
45
0
0
45
0
0
2
0
0
0
0
45
0
0
45
0
44
0
0
44
0
0
0
0
44
0
0
44
44
0
0
44
0
44
44
0
44
44
0
0
44
2
2
44
44
44
0
44
0
0
0
0
44
0
44
0
44
1
0
44
44
0
44
0
44
0
0
0
44
44
44
0
44
43
0
0
43
0
0
0
43
43
0
43
43
0
0
43
2
0
0
0
0
43
0
43
0
43
0
43
43
0
2
43
43
0
43
43
0
0
0
43
43
2
0
43
0
0
0
43
43
0
43
0
43
2
43
0
43
2
0
43
43
0
43
43
0
43
0
43
2
0
43
0
43
0
43
43
0
42
42
41
0
2
41
40
0
40
0
0
0
40
40
40
39
2
39
0
0
39
39
0
39
0
39
39
39
39
39
0
0
0
39
39
39
39
0
0
2
39
0
39
0
39
39
0
0
39
0
0
0
38
38
38
0
38
0
38
0
1
38
38
38
0
38
0
38
38
38
37
37
36
36
0
36
0
2
0
0
0
36
36
0
36
0
36
36
36
0
2
35
34
34
0
34
33
0
33
32
2
32
32
0
32
0
32
0
31
31
31
2
0
31
31
0
0
0
0
0
31
30
0
30
30
30
0
2
0
30
0
0
0
30
30
30
29
2
0
0
0
29
28
0
0
28
0
28
28
28
0
0
28
0
0
28
0
27
27
27
2
0
27
27
0
27
26
26
0
26
0
26
26
0
0
26
0
0
26
26
26
0
0
0
25
1
0
0
25
0
25
25
25
0
0
0
0
25
25
0
0
25
0
25
25
0
0
0
0
0
0
25
0
25
0
0
0
0
0
25
0
25
25
0
25
0
25
0
25
25
25
25
25
0
25
25
0
25
0
25
0
25
25
0
0
0
25
25
25
24
23
23
23
0
23
0
23
23
23
23
23
23
23
0
0
0
23
23
0
0
0
23
23
0
23
23
0
0
0
23
0
23
23
23
0
0
23
0
23
23
23
0
23
23
23
23
23
0
23
0
23
23
23
23
23
0
23
0
23
23
0
23
23
0
23
23
23
0
23
0
0
0
23
0
23
23
0
0
23
23
0
0
0
23
23
0
23
23
0
0
23
23
0
22
0
0
22
22
22
0
0
0
22
22
0
0
0
0
22
22
0
22
0
0
0
0
0
22
0
22
22
22
22
22
0
22
0
0
0
22
22
22
22
22
0
0
22
22
22
0
22
22
0
0
22
0
22
0
0
0
22
22
22
0
0
0
22
0
0
22
22
22
0
22
22
0
0
22
22
22
22
0
22
0
0
22
0
22
22
22
0
0
22
22
22
22
22
0
22
0
22
22
0
0
0
0
0
22
22
0
0
0
22
22
22
22
0
22
22
22
0
22
22
22
0
22
22
22
22
22
22
22
0
22
22
22
0
22
0
22
0
22
22
22
0
0
0
22
22
0
2
0
2
22
22
22
22
0
21
21
21
20
20
0
20
0
20
20
20
20
20
0
0
0
20
2
20
20
20
0
20
0
0
20
20
0
0
20
0
20
0
0
0
0
20
20
0
20
20
20
19
0
19
0
0
19
19
0
19
0
19
0
0
19
18
0
18
18
18
0
2
18
0
0
0
18
18
18
18
0
0
18
0
0
0
18
18
1
18
0
18
18
18
18
18
18
0
0
0
0
0
0
0
0
0
0
18
0
0
0
18
0
18
17
17
17
17
17
0
17
17
17
0
0
17
0
17
0
17
17
0
0
17
17
17
17
0
17
17
17
0
0
2
17
17
0
0
0
0
0
17
0
17
17
0
17
0
0
0
0
17
17
16
0
0
16
16
16
0
16
0
16
16
1
16
16
16
0
16
0
16
16
0
16
16
0
16
16
16
0
0
16
0
16
0
0
16
0
0
16
0
0
16
0
16
0
16
0
16
16
16
0
0
16
0
16
16
0
16
0
16
16
15
15
0
15
15
0
15
15
0
0
15
0
0
0
0
0
15
0
0
15
15
0
0
0
0
0
0
0
0
0
15
15
0
0
0
15
15
0
0
15
15
0
15
0
15
15
0
15
0
15
15
2
15
0
0
15
15
0
0
0
0
15
0
0
15
15
15
15
0
15
15
15
15
15
0
0
0
15
0
15
0
15
15
0
15
15
0
15
0
15
15
15
0
0
15
14
14
0
0
14
0
0
14
14
14
0
14
14
14
0
0
14
13
13
13
13
0
0
13
0
13
13
0
13
0
0
13
13
0
0
13
0
13
13
0
13
13
13
13
13
0
0
13
0
0
0
0
0
13
0
13
13
13
13
13
0
0
0
0
13
0
0
13
0
13
0
13
13
13
0
13
0
0
0
0
13
0
13
13
0
13
13
13
0
13
0
0
13
13
13
0
13
0
13
0
2
13
0
13
0
0
0
0
0
13
0
0
13
0
13
13
0
0
13
0
0
0
13
0
13
13
0
13
0
0
13
0
0
0
13
0
13
13
13
13
0
0
0
0
13
13
13
0
0
0
0
0
0
0
0
13
0
13
0
13
0
13
13
13
13
13
0
13
0
13
13
0
13
13
0
12
12
0
0
12
0
12
0
12
0
2
0
0
0
12
12
12
0
12
12
12
12
0
0
12
12
0
0
0
12
0
0
0
12
12
0
11
11
11
11
0
0
0
11
0
0
0
0
11
0
0
11
1
11
2
0
0
0
11
11
0
11
11
0
11
11
0
11
11
11
11
11
11
11
0
11
0
11
11
0
11
0
10
10
0
0
10
0
0
10
0
0
9
9
0
0
0
0
0
9
9
0
0
0
9
9
0
0
9
9
8
0
0
0
0
8
8
0
0
8
8
8
8
0
0
0
8
8
0
8
0
8
8
8
8
0
7
7
7
0
7
7
7
7
0
7
7
7
0
0
0
7
0
0
7
7
0
0
7
0
7
7
7
0
7
7
0
7
0
7
7
0
0
0
7
0
7
0
0
0
7
0
0
7
7
7
7
0
7
7
0
0
7
0
7
0
7
0
7
0
7
7
0
7
7
0
7
0
7
0
7
7
7
0
7
7
7
7
7
6
6
6
6
6
0
6
6
6
6
6
6
0
0
6
6
6
0
0
6
6
0
0
6
0
0
6
0
0
6
0
0
6
0
6
0
0
6
6
0
0
6
0
0
0
0
0
0
6
6
6
5
0
5
5
0
0
0
5
5
5
5
5
0
0
5
5
5
0
5
0
5
0
5
5
0
0
5
5
0
0
5
5
0
0
0
0
5
0
5
0
5
5
5
5
0
0
5
0
5
0
0
0
5
0
5
5
0
5
0
5
5
4
4
0
4
4
0
0
4
0
4
0
0
4
0
0
4
4
4
0
4
4
0
0
0
0
4
0
0
0
0
4
0
0
0
4
0
0
4
0
0
4
4
0
4
0
0
4
0
4
0
4
0
0
4
4
0
0
4
0
0
4
4
0
4
0
4
0
4
4
4
0
4
4
4
4
0
4
4
0
0
0
0
4
0
4
4
4
4
4
4
0
0
4
0
0
0
0
0
4
0
0
4
4
4
0
4
0
0
0
0
0
4
0
4
0
0
0
0
0
0
4
4
0
4
4
4
4
4
4
4
4
4
4
0
4
0
0
4
0
4
4
4
0
4
0
0
4
4
0
4
0
0
4
0
0
0
0
4
0
0
4
4
4
0
4
0
0
0
4
0
4
0
4
0
4
0
4
4
4
4
0
4
4
0
0
0
0
0
0
4
0
0
4
4
4
4
0
0
0
4
0
0
0
0
4
4
4
4
0
0
4
0
0
0
4
0
0
4
4
0
0
4
4
0
0
0
4
4
4
0
0
0
4
4
4
4
4
0
0
4
4
0
4
0
4
4
4
0
0
0
4
4
0
0
4
4
4
0
4
0
0
4
0
4
0
0
4
0
4
0
4
4
4
4
4
0
4
4
4
4
0
0
0
0
4
0
0
0
0
4
0
4
0
0
0
0
0
4
4
4
4
4
0
0
0
4
0
0
0
4
0
4
0
4
0
4
0
4
4
4
0
0
4
4
0
4
4
4
4
0
4
0
4
4
0
4
4
0
4
0
0
0
4
4
4
0
4
4
0
0
0
4
4
0
4
4
0
0
4
4
0
0
4
0
0
0
4
0
4
0
0
4
0
4
4
0
0
4
4
0
0
0
4
4
4
4
4
0
4
0
4
0
0
4
4
0
0
0
4
0
4
0
0
0
4
4
4
0
0
4
4
4
0
0
0
0
4
0
0
0
0
0
4
0
0
4
3
0
3
3
0
0
3
0
3
3
0
3
3
0
0
0
0
0
3
3
0
3
0
3
3
3
0
0
3
0
0
3
0
3
3
3
0
0
0
0
3
0
3
3
3
3
3
3
3
0
0
3
0
0
3
3
0
3
3
0
3
3
0
0
3
3
3
0
3
3
0
0
0
3
3
0
3
3
0
0
3
3
3
3
0
0
0
0
0
3
3
3
0
3
0
3
0
3
0
0
0
3
3
3
3
0
0
0
3
0
3
0
0
0
0
0
0
3
3
3
0
3
3
3
0
3
0
2
0
2
0
2
2
2
2
0
0
0
0
0
2
0
0
2
0
2
0
0
0
0
0
2
2
0
2
0
2
2
2
2
0
0
2
0
2
2
2
0
0
0
2
2
2
0
0
0
2
0
2
2
2
0
0
2
0
0
0
0
0
0
2
0
0
2
2
2
2
2
2
0
0
2
2
0
2
2
2
0
2
0
0
2
2
2
0
2
2
0
2
0
2
0
2
2
2
2
0
2
2
2
0
0
2
0
0
0
2
0
0
2
0
2
2
2
0
0
2
2
0
0
2
2
2
2
2
2
2
2
2
2
0
2
0
2
2
2
0
0
0
0
2
0
2
0
2
0
0
0
0
2
2
2
2
2
2
0
2
0
0
0
0
2
0
2
0
2
0
0
0
0
0
0
2
2
0
0
0
0
0
2
2
0
2
0
0
0
0
2
0
2
2
2
2
2
2
2
2
0
0
2
2
2
2
2
0
0
2
0
2
2
0
0
2
2
2
0
2
0
2
2
2
2
0
2
0
2
0
2
2
2
0
0
0
2
0
2
0
2
2
2
2
2
0
2
2
2
2
0
2
0
2
2
2
2
0
0
2
0
2
2
2
2
2
0
2
0
0
2
2
2
2
0
2
0
2
2
2
0
0
0
2
0
2
2
0
2
0
2
0
0
2
2
0
0
2
0
2
2
2
0
2
0
2
0
0
2
2
0
0
2
0
0
2
2
0
0
0
0
0
2
2
0
0
2
0
0
0
2
2
2
0
2
2
2
2
2
2
0
0
2
2
0
0
2
0
2
0
0
0
2
0
2
2
2
0
2
0
0
0
2
2
0
0
0
2
0
2
0
0
0
0
0
2
2
2
2
2
2
2
2
2
2
0
2
2
2
2
0
0
2
2
0
2
0
0
0
0
2
0
0
2
2
0
2
0
2
2
2
2
2
0
2
0
0
2
2
0
0
2
0
2
0
2
2
0
2
0
2
0
2
2
0
0
0
2
0
2
2
0
0
1
0
0
1
1
0
1
0
1
0
0
0
0
0
1
0
0
0
0
0
1
0
0
0
0
0
0
0
1
0
1
1
1
0
1
1
1
0
0
1
0
1
1
1
1
1
0
0
0
0
1
1
1
0
1
1
0
1
0
1
0
0
0
1
0
0
1
0
0
1
0
0
1
1
1
1
1
1
1
0
0
1
1
1
1
1
1
1
0
0
1
0
0
1
1
1
0
1
1
1
0
1
0
0
1
1
0
1
1
1
1
1
0
1
1
1
1
0
1
0
1
0
1
0
1
0
1
0
0
1
1
1
1
1
1
0
0
1
0
1
1
0
0
1
0
1
0
0
1
0
0
0
0
0
1
0
0
0
0
1
1
0
0
1
1
1
0
0
0
0
1
0
1
0
0
1
1
0
1
1
0
1
1
1
1
0
0
0
1
0
0
0
1
1
1
0
1
0
1
1
1
0
0
0
0
1
1
1
1
0
1
0
0
0
0
0
1
0
1
1
1
1
0
0
0
1
0
0
1
0
1
1
1
0
1
1
0
0
0
1
0
0
1
0
0
1
1
0
1
1
1
0
0
0
0
0
0
1
1
0
1
0
0
1
0
0
1
1
1
1
0
0
1
1
0
1
1
1
0
1
0
1
0
1
1
1
0
0
1
0
0
1
1
1
0
1
1
0
0
1
1
0
0
1
0
0
1
1
1
0
1
0
1
0
0
1
0
0
0
1
0
0
1
1
1
1
1
1
1
1
0
0
0
0
0
1
0
1
0
1
1
1
1
1
0
0
1
0
0
0
1
1
1
1
0
1
0
1
1
1
0
0
0
0
0
0
1
1
0
1
0
1
1
0
0
1
0
1
0
1
0
0
0
1
1
1
0
0
0
1
0
1
0
0
1
0
1
1
0
0
1
0
0
1
0
0
1
0
1
0
0
1
1
0
0
1
0
0
0
0
1
0
1
1
1
1
1
0
1
1
0
0
1
0
1
0
0
1
0
1
1
0
1
1
1
0
0
0
0
0
1
0
0
0
0
1
0
1
0
1
1
1
0
0
1
1
1
1
1
0
0
0
1
1
1
1
0
1
0
1
0
1
1
1
0
1
0
0
0
1
0
1
1
0
1
0
1
1
0
0
1
1
1
1
1
0
0
0
0
1
0
1
0
1
0
0
0
1
0
1
1
1
0
1
1
1
1
1
0
0
1
0
1
1
1
0
1
0
1
0
0
0
1
1
0
1
0
0
1
0
1
0
0
1
1
1
1
0
0
1
1
1
1
0
0
0
1
1
1
0
1
0
1
1
1
1
0
0
1
1
0
1
1
0
0
0
1
0
1
0
1
1
1
0
1
0
1
1
0
1
1
0
0
1
0
1
1
1
0
1
1
1
0
1
1
1
1
1
0
0
0
1
0
1
1
0
1
0
1
1
1
1
1
0
0
1
1
0
1
0
1
1
1
0
0
1
0
1
0
0
1
0
1
0
0
0
1
0
0
1
0
0
1
0
1
0
1
0
1
1
0
1
0
1
0
0
0
1
1
1
0
1
0
1
1
1
0
1
0
1
0
0
1
0
0
0
1
1
1
1
0
0
0
0
1
0
0
1
0
0
0
1
1
0
1
0
1
1
1
0
0
1
0
0
0
0
1
1
1
1
0
0
0
1
1
0
0
1
1
1
1
1
0
0
1
1
0
1
1
1
1
0
0
0
1
1
1
1
0
0
0
1
1
0
0
0
1
1
1
1
0
0
1
0
0
1
0
0
1
1
0
0
0
1
1
1
1
0
1
0
0
0
1
0
0
1
0
0
1
1
1
0
0
0
1
1
0
0
1
0
1
0
0
1
0
1
1
0
1
1
0
1
0
1
1
0
1
0
0
1
0
1
0
1
0
1
0
1
1
1
1
1
0
1
0
1
0
0
0
1
0
1
1
1
1
0
1
1
1
1
0
1
0
0
0
1
1
1
1
0
1
0
0
0
0
1
1
1
0
0
0
1
0
1
0
1
1
0
0
0
1
1
1
0
1
1
1
1
0
1
0
1
0
1
0
0
0
1
1
1
1
0
1
1
1
1
0
0
0
1
0
1
0
1
0
0
0
0
1
0
1
1
0
1
1
1
1
0
0
1
0
1
0
0
1
0
0
0
1
1
0
0
1
0
0
1
1
1
1
0
1
0
0
0
1
0
0
0
1
0
1
0
0
0
0
1
1
0
1
0
1
1
0
0
0
0
0
1
0
1
1
0
1
0
0
1
0
0
1
1
0
1
0
0
1
0
0
1
1
1
1
1
1
1
0
1
1
1
0
1
1
0
0
1
0
0
0
1
1
1
1
0
0
0
0
1
1
1
0
1
0
1
1
1
0
1
0
1
1
1
0
0
1
1
0
1
1
0
0
0
1
1
0
1
1
1
0
0
0
1
1
1
1
0
1
1
0
1
1
0
0
1
1
0
1
1
1
0
1
0
1
1
1
1
1
0
0
1
1
0
0
1
1
0
1
1
1
0
0
0
1
0
0
1
0
1
0
0
0
1
0
1
1
0
1
1
1
0
0
1
1
0
1
1
0
0
1
0
1
0
0
0
1
1
0
1
1
1
0
1
1
0
0
0
1
1
1
0
0
1
1
0
1
0
0
1
1
0
0
0
0
1
1
0
0
0
0
1
0
0
0
0
0
1
0
0
0
0
0
1
0
0
0
0
1
1
0
1
0
0
1
1
1
1
1
0
1
1
1
1
1
1
1
0
0
1
1
1
0
0
1
1
1
0
1
1
0
0
1
1
0
1
1
1
0
0
1
0
0
0
0
0
0
0
1
1
0
1
0
0
1
1
0
0
0
0
0
1
1
0
1
1
1
0
1
0
1
1
0
0
1
1
0
0
1
0
1
0
1
1
0
0
0
1
1
0
0
0
1
0
0
1
1
1
1
0
1
1
0
1
0
1
0
1
1
0
0
0
1
1
1
0
0
0
0
1
1
0
0
0
1
0
0
1
0
1
0
1
1
0
1
0
0
0
1
1
1
1
0
0
1
1
0
0
0
0
1
1
0
1
1
1
0
1
0
1
0
1
1
0
1
1
0
1
0
0
1
0
1
1
0
1
0
1
0
1
1
0
0
1
1
0
1
0
0
1
0
0
1
1
0
1
1
0
0
0
1
0
0
1
1
1
0
0
1
1
0
1
1
0
1
1
0
0
0
1
1
1
0
0
0
0
1
0
1
1
0
1
0
1
0
0
0
0
0
0
1
1
1
0
1
1
0
1
0
0
0
0
1
1
0
1
0
0
1
1
1
0
1
1
1
0
1
0
1
1
1
0
0
1
0
1
1
0
0
0
1
0
0
0
0
1
0
1
0
1
1
1
0
0
1
1
0
0
0
0
1
1
0
1
1
1
1
1
1
0
0
0
1
1
0
0
1
1
0
1
1
0
0
1
1
1
1
1
1
1
1
1
1
0
0
0
1
1
1
0
0
1
0
1
0
1
0
0
1
1
1
0
0
0
0
0
1
1
0
0
1
0
0
0
1
1
0
1
1
0
1
1
0
0
0
0
1
0
0
1
0
0
0
0
0
0
1
1
1
1
1
1
0
0
1
0
0
0
1
1
0
1
0
1
1
1
0
0
0
0
0
0
0
0
0
0
0
1
0
0
1
0
0
1
1
1
1
1
0
0
1
0
0
0
1
1
0
0
1
0
1
0
0
1
0
1
1
0
0
0
1
0
0
0
1
1
1
0
1
1
0
1
0
1
0
1
0
1
1
1
1
1
1
0
0
0
0
1
1
1
0
0
1
0
1
0
1
1
0
1
0
1
0
1
1
0
1
0
1
1
1
1
0
1
0
1
1
0
0
0
1
1
1
1
1
1
0
0
0
0
0
0
0
0
1
0
1
1
0
0
0
1
1
0
0
0
0
0
0
0
0
0
0
0
1
0
1
0
0
0
1
0
1
1
1
1
1
1
1
0
0
1
1
1
1
1
1
0
0
1
1
1
0
1
0
1
1
1
1
0
0
1
0
1
1
0
0
0
0
1
0
1
1
0
1
0
0
0
1
0
1
0
1
1
1
0
1
0
0
1
1
1
0
1
0
1
1
1
0
0
0
1
0
1
0
1
1
1
1
0
0
0
1
1
0
1
1
1
1
0
0
1
0
1
1
1
1
1
1
0
0
0
0
0
0
0
1
1
1
0
0
1
1
1
0
1
1
0
0
1
0
0
1
1
0
1
0
0
0
0
1
0
0
0
1
1
0
1
1
1
1
0
0
0
1
1
0
0
1
0
1
1
1
1
1
1
1
1
1
1
0
0
1
1
0
1
0
1
1
0
1
0
0
1
0
0
0
1
0
1
0
1
0
0
1
1
0
0
0
0
0
0
1
0
0
0
0
0
1
0
0
0
0
0
1
0
0
0
0
1
1
1
0
0
0
0
1
0
0
0
0
1
0
0
1
0
1
1
1
0
0
1
0
1
1
0
1
1
0
1
0
1
0
1
0
1
1
0
0
1
0
0
1
0
0
0
0
1
0
0
0
0
0
1
0
0
1
0
0
0
0
0
0
0
1
0
1
0
1
1
1
1
1
0
1
1
0
1
1
1
0
1
1
0
0
1
1
1
1
0
1
0
1
1
0
0
1
1
0
0
0
0
0
1
0
1
1
0
1
1
0
1
1
0
0
0
1
1
0
0
1
0
0
1
0
0
1
1
1
1
0
1
1
1
0
0
1
0
1
0
1
0
1
0
0
0
1
0
0
0
1
1
0
1
0
1
0
0
1
0
1
0
0
0
0
1
1
0
1
1
0
0
1
1
1
0
1
1
0
0
1
0
0
1
0
0
1
0
1
1
1
0
1
1
0
0
0
1
0
0
0
0
0
1
0
0
0
0
0
1
0
1
0
0
1
0
1
1
0
0
0
0
1
1
0
0
1
0
1
1
0
0
1
0
1
1
1
1
0
1
0
1
0
0
0
1
0
1
1
1
1
1
0
0
0
0
1
0
1
0
1
0
1
0
0
0
1
1
1
1
1
1
0
0
1
0
1
1
0
1
1
1
1
1
1
0
1
1
0
0
1
1
1
1
0
1
1
1
1
1
1
1
0
1
0
0
1
0
0
1
0
0
1
1
1
1
1
0
0
0
1
1
1
1
1
0
1
1
1
0
0
0
0
1
1
0
0
0
0
0
1
1
0
1
1
0
1
0
1
1
1
1
0
1
0
1
1
1
1
1
0
0
0
1
0
0
0
0
0
1
0
0
1
0
0
0
1
1
0
0
1
0
0
0
0
0
0
1
0
1
1
1
1
1
1
0
0
0
0
0
0
1
0
1
0
1
1
0
0
1
0
0
0
1
1
0
0
1
0
0
0
1
1
1
1
0
1
1
0
1
1
1
1
0
1
0
1
1
0
1
0
0
0
0
0
0
0
0
0
0
0
1
1
0
0
0
1
1
0
0
0
1
0
0
0
0
1
1
1
1
0
0
1
0
1
1
0
1
0
0
1
1
0
0
1
0
1
0
1
1
1
1
1
0
1
1
1
1
0
1
1
1
0
0
0
0
1
0
1
1
0
1
1
1
1
0
0
0
0
0
1
0
0
1
0
0
0
1
1
0
1
0
1
1
1
0
1
0
0
0
1
1
0
1
0
1
1
1
0
0
1
1
1
0
0
1
1
1
1
0
0
0
0
1
0
0
1
1
1
0
1
1
0
0
1
0
1
1
0
1
0
0
1
1
1
0
1
0
1
1
0
1
0
1
1
0
0
0
1
1
1
1
1
1
1
0
0
1
1
1
1
1
1
1
0
1
0
1
1
1
1
1
1
0
1
1
0
0
0
0
0
1
0
1
0
0
1
0
1
1
0
1
1
0
0
0
1
0
1
1
1
0
1
1
0
0
1
1
1
1
1
0
0
0
1
0
0
0
0
0
1
0
0
1
0
1
0
0
0
1
0
0
0
1
1
0
0
1
1
0
1
1
1
0
1
1
1
0
0
0
1
0
1
0
0
1
1
1
1
0
0
1
1
0
1
0
1
0
0
0
1
0
0
0
0
0
0
1
1
1
0
0
1
1
0
1
1
1
1
0
1
0
0
0
0
1
0
1
0
0
1
0
1
0
0
0
0
0
0
0
1
0
0
1
1
1
0
1
1
1
1
1
0
1
0
0
1
0
1
1
0
0
0
0
0
0
0
1
1
1
1
0
0
0
0
0
0
1
0
0
1
0
0
0
0
0
1
0
1
1
0
0
0
0
0
0
0
1
0
1
1
0
1
1
0
0
1
1
1
1
1
1
0
1
1
0
1
0
0
1
1
1
0
1
0
0
1
0
0
0
1
1
1
0
1
1
0
1
0
1
1
1
1
0
1
0
0
0
1
1
0
0
0
0
0
1
0
1
0
1
0
0
0
1
1
0
1
1
1
1
0
1
0
0
1
0
0
0
0
1
0
0
1
1
1
0
0
1
0
0
0
0
0
0
0
1
0
0
1
1
0
0
0
1
0
1
1
0
0
0
0
1
1
1
1
0
1
0
1
1
0
0
0
0
1
1
0
1
0
1
1
1
0
0
1
1
1
0
0
1
1
1
0
1
1
1
0
1
1
0
0
1
1
0
1
1
0
0
0
0
1
1
1
1
0
1
1
0
1
1
0
1
0
1
0
1
1
0
0
0
1
1
1
1
1
1
0
1
1
1
0
1
1
1
0
0
1
0
0
1
1
1
1
1
1
0
1
0
0
0
0
1
1
0
1
1
1
0
1
1
1
0
0
1
0
1
0
0
1
0
1
0
1
0
1
0
0
0
0
1
1
0
0
1
0
1
1
1
1
1
0
0
0
0
1
1
1
0
1
1
1
1
1
0
0
0
0
1
0
1
1
0
0
1
0
0
1
1
0
0
0
1
1
1
1
0
1
0
1
0
1
1
0
1
1
0
1
0
1
0
1
1
0
1
1
0
0
1
1
0
0
0
1
0
1
0
0
0
0
1
0
0
1
1
1
0
0
0
0
1
1
1
1
1
0
1
0
1
0
1
0
0
1
1
0
1
1
0
0
0
1
1
0
1
0
1
1
1
0
0
1
1
0
1
0
1
1
1
0
1
1
0
0
0
0
0
1
0
1
0
1
0
0
0
1
1
1
0
0
0
1
0
1
0
0
0
1
1
1
0
0
0
0
1
0
0
1
0
1
1
1
0
0
0
1
0
0
0
1
1
0
1
0
1
0
1
0
1
0
1
1
0
1
1
1
0
0
1
1
1
0
1
1
0
1
1
0
1
0
1
0
1
1
0
1
1
0
0
1
1
0
0
1
0
1
1
0
1
0
0
1
0
1
1
0
0
1
1
1
0
0
0
1
1
0
1
1
0
0
1
0
0
1
0
1
1
0
1
0
1
1
1
0
1
1
1
0
1
0
0
1
0
1
0
1
1
1
0
0
0
0
1
0
1
1
0
0
1
0
0
1
0
0
1
1
1
1
0
1
0
0
0
0
0
0
0
1
1
1
0
0
1
0
1
1
1
0
0
1
1
1
1
1
0
0
1
0
0
0
0
1
1
0
1
1
1
1
0
0
0
0
0
0
1
1
1
0
0
1
1
0
0
1
0
0
1
0
0
0
0
1
1
1
1
1
0
1
0
1
0
0
1
0
0
1
0
0
1
0
1
1
0
0
1
0
1
0
0
1
1
1
0
1
1
1
0
1
1
0
0
1
0
1
1
0
1
1
0
0
1
1
1
0
1
1
1
0
1
1
1
0
1
1
0
0
0
0
0
1
1
1
0
0
0
0
1
0
1
0
0
1
0
0
0
1
0
0
1
1
0
0
1
0
1
0
1
1
1
0
1
1
1
1
0
0
1
0
0
1
1
0
0
1
0
0
0
1
1
0
0
0
1
0
1
1
0
0
0
0
0
1
1
1
0
0
0
0
0
0
0
1
1
1
1
1
1
1
1
0
0
1
0
1
0
1
0
1
0
1
1
1
1
0
1
0
1
0
0
1
1
1
1
0
1
0
1
0
0
1
1
1
0
1
1
1
1
1
1
1
1
0
0
0
1
0
1
0
1
1
1
0
1
1
0
0
0
0
1
0
0
0
0
1
0
0
0
1
0
1
0
1
0
0
1
1
0
1
1
0
0
1
0
0
1
1
0
0
0
1
1
0
0
0
0
1
1
0
1
0
1
1
1
1
0
0
0
0
1
1
0
0
0
1
0
0
0
0
0
1
0
0
0
0
1
0
0
1
1
0
0
0
1
1
0
0
1
0
1
0
1
0
0
1
1
0
0
1
1
0
1
1
1
0
0
0
0
0
1
0
0
1
0
1
0
0
1
1
1
1
1
1
1
0
1
1
1
1
0
0
1
1
0
1
1
0
1
0
0
0
0
0
0
0
1
0
0
0
0
0
0
0
0
1
0
1
0
1
1
1
1
0
0
0
1
0
0
1
1
1
0
1
0
0
0
0
1
1
1
0
0
1
1
1
1
1
0
1
1
0
0
0
0
0
0
1
1
1
0
1
0
0
0
0
0
1
0
1
0
0
0
0
1
0
0
0
1
0
1
1
1
0
0
1
0
0
1
0
1
0
1
0
0
0
0
0
0
0
1
0
0
1
1
0
0
1
0
1
0
1
1
1
1
0
0
0
0
0
0
0
0
1
1
0
1
1
0
0
0
0
1
1
1
1
1
1
1
1
1
1
1
1
0
1
0
1
0
1
0
0
0
1
0
1
1
1
0
0
0
0
0
0
1
1
1
1
0
0
1
1
1
1
1
0
0
0
1
0
0
1
0
0
1
0
0
0
0
0
0
0
1
1
0
1
1
1
1
0
1
1
0
1
0
1
1
1
0
1
0
0
1
1
0
1
0
0
1
1
1
0
0
1
1
0
1
1
0
0
0
1
1
0
0
0
1
1
0
0
0
1
1
0
0
0
1
0
1
1
0
1
1
1
0
0
0
0
1
0
1
0
1
0
0
1
0
1
1
1
0
1
0
0
1
0
0
1
1
1
0
1
1
1
0
0
1
0
0
0
0
0
1
0
0
0
0
0
0
1
1
1
1
1
0
1
1
0
0
0
0
0
1
0
1
0
1
1
1
0
1
0
0
0
0
0
1
1
0
0
0
0
1
0
0
1
0
0
0
0
0
0
1
1
1
0
1
0
1
1
1
1
0
1
1
1
0
0
0
1
0
1
0
1
1
0
1
1
0
0
1
0
1
1
1
0
0
0
1
0
0
1
1
0
0
1
1
0
0
0
1
0
0
1
0
1
1
0
1
1
1
1
0
1
0
1
0
0
0
1
1
0
1
0
0
0
0
1
0
1
0
0
0
1
1
0
0
0
0
0
1
1
0
1
0
1
0
1
1
0
0
0
0
1
1
0
0
1
0
0
1
1
1
1
0
1
1
0
0
0
0
0
1
0
0
1
1
0
0
0
0
1
0
1
0
0
1
1
1
0
1
1
0
1
1
1
1
1
1
1
0
1
0
1
1
0
0
1
1
0
1
0
1
1
0
1
0
1
0
0
1
0
1
0
0
1
0
1
1
1
1
1
1
0
0
1
1
0
1
1
0
0
1
0
0
0
0
1
1
0
0
0
1
1
0
1
1
1
1
1
0
0
1
0
0
1
0
1
1
0
1
0
1
1
0
0
1
1
1
0
1
0
1
1
1
1
1
0
0
0
1
1
1
0
1
0
1
1
0
1
0
0
1
0
0
1
0
0
0
0
0
0
0
1
0
0
1
1
1
0
1
0
0
0
1
1
1
1
0
1
0
0
0
1
1
0
1
0
0
1
0
1
1
0
1
0
1
0
1
0
1
0
0
1
0
1
0
0
0
1
1
0
0
0
0
1
0
1
0
1
0
0
0
1
1
0
1
1
0
1
0
1
0
0
1
1
1
1
0
1
0
1
0
0
0
1
1
1
1
0
0
1
0
0
1
0
1
1
0
1
1
1
0
1
0
0
1
1
1
1
0
1
0
1
1
0
1
1
0
0
0
1
1
1
1
1
0
0
1
1
1
1
0
1
0
0
0
0
0
1
0
1
0
1
0
0
1
0
0
0
0
1
1
1
0
0
0
0
1
1
0
0
1
0
1
1
0
1
1
0
0
1
1
1
1
1
1
0
1
0
1
1
0
0
1
1
0
1
1
0
1
0
1
0
1
0
1
0
0
1
1
1
1
1
1
0
1
1
0
0
0
1
0
0
1
1
0
1
0
0
0
0
1
1
1
0
0
1
1
0
0
1
1
1
0
1
1
0
0
0
0
0
1
1
1
1
1
1
0
1
0
0
0
0
0
0
0
1
1
0
1
0
0
0
0
0
1
0
1
0
1
0
0
0
0
0
0
1
0
0
0
0
1
1
1
1
0
0
1
0
1
1
1
0
1
1
1
0
0
1
0
1
0
1
0
1
1
0
1
1
0
1
1
0
0
1
0
0
1
0
1
1
0
1
1
0
0
1
1
1
1
0
0
1
1
1
0
1
0
1
1
1
0
0
0
1
0
0
1
1
1
1
1
1
1
0
1
1
1
1
0
1
1
1
1
0
0
0
0
1
0
0
1
0
1
0
0
0
0
1
1
1
0
0
0
1
1
1
0
0
0
0
1
0
1
0
1
0
0
1
0
1
1
0
0
0
0
1
0
0
0
0
1
1
0
1
1
1
0
0
1
0
0
1
0
0
0
1
1
0
0
1
1
0
0
0
0
0
0
0
0
0
1
1
1
0
1
1
0
0
1
0
0
0
0
0
0
0
1
1
0
1
0
0
1
0
0
0
0
0
0
0
1
0
1
0
0
1
1
0
0
1
0
1
1
0
1
0
1
0
0
0
0
1
1
1
1
1
1
1
0
0
0
1
1
0
1
0
1
1
0
0
1
0
1
0
0
0
0
0
1
1
1
1
0
1
0
0
0
0
1
0
0
1
1
1
1
0
1
0
1
0
1
1
0
1
1
1
0
0
0
1
0
1
1
0
1
1
0
1
1
1
1
1
0
0
0
0
1
1
0
0
0
1
0
1
0
0
1
0
1
1
1
0
0
0
0
1
0
0
0
1
1
1
1
0
1
0
0
0
0
0
1
0
1
0
1
1
1
1
0
1
0
0
1
0
1
0
1
0
1
0
1
0
1
0
0
0
1
1
0
1
0
1
1
1
0
1
0
0
0
1
0
1
1
1
0
0
1
0
1
0
0
0
1
1
1
0
1
0
1
1
1
1
0
1
1
1
1
0
0
1
1
0
1
0
1
0
0
1
1
1
1
1
1
1
1
0
1
1
0
1
1
0
1
0
1
1
1
0
0
0
1
0
1
0
0
0
1
0
0
0
1
1
0
1
0
1
1
1
0
1
0
0
1
0
1
1
0
0
0
1
1
0
1
0
1
1
1
1
0
1
1
1
0
1
1
0
0
1
1
0
1
0
1
1
1
0
1
1
1
1
0
0
1
0
0
1
1
0
0
0
1
0
1
0
1
1
1
1
1
0
0
0
1
1
0
1
0
1
0
1
1
1
1
1
0
1
0
1
0
1
0
0
1
1
0
1
0
1
0
0
0
0
0
1
0
0
1
0
1
0
0
0
0
0
1
1
1
1
0
1
0
1
0
0
1
0
1
1
1
1
1
0
1
0
0
1
0
1
1
1
0
1
0
1
1
1
1
0
0
1
0
0
1
0
1
0
1
1
1
0
0
0
1
0
0
0
1
1
1
1
1
1
0
0
1
1
1
1
0
1
1
1
0
1
1
0
1
0
1
1
1
1
0
0
1
0
1
1
1
1
0
0
0
0
0
0
0
1
1
1
0
1
1
1
1
0
0
0
0
1
1
0
0
1
1
1
0
0
0
1
1
1
0
0
1
0
0
0
1
0
1
0
1
0
0
0
0
0
1
0
0
0
0
1
1
0
0
0
0
1
0
0
0
1
0
0
0
1
0
0
1
1
1
0
1
1
1
1
1
0
0
0
0
0
0
0
1
0
1
1
0
0
0
1
0
0
1
0
0
1
0
0
0
0
1
1
1
1
0
1
1
1
0
0
0
0
1
0
0
1
0
1
0
1
1
1
1
1
0
0
1
0
0
1
1
1
0
0
1
0
1
0
1
0
1
0
1
0
0
0
0
0
0
1
1
1
0
0
1
1
0
1
0
0
0
0
0
0
1
0
0
1
0
0
0
1
0
1
1
1
0
0
0
1
1
1
0
1
0
0
0
1
0
1
1
1
0
0
0
0
0
1
0
1
0
0
1
1
1
1
1
0
0
1
1
0
0
0
0
0
1
1
1
1
1
0
0
0
0
0
0
0
1
0
0
0
1
0
0
1
1
1
1
0
1
0
0
1
1
1
0
1
0
1
0
0
0
0
1
0
1
0
1
1
0
1
1
1
1
0
0
1
0
1
1
0
0
1
0
0
1
1
0
0
1
0
0
1
1
1
0
0
0
1
1
1
1
1
0
0
1
0
0
0
0
1
0
1
1
1
1
1
0
0
1
1
1
0
0
1
0
1
1
0
0
0
1
0
0
0
1
0
0
1
0
1
0
0
1
1
1
1
1
1
1
1
0
0
0
1
0
1
1
1
1
0
0
1
0
0
1
0
0
0
1
0
0
0
0
0
0
1
0
0
0
1
1
0
1
0
1
0
1
1
0
0
0
1
0
1
1
0
1
1
0
1
1
0
1
0
0
1
1
1
1
1
1
0
1
0
0
0
1
0
1
0
0
1
1
0
0
0
1
0
1
1
0
1
1
1
1
1
1
0
0
1
0
0
0
0
0
1
1
0
0
1
1
1
0
1
0
0
0
0
0
0
1
1
1
0
0
0
0
1
0
1
0
0
0
1
1
0
1
1
0
0
0
0
1
0
0
1
1
0
0
0
0
0
0
0
1
1
1
0
0
0
0
0
0
1
0
1
1
1
1
0
1
0
0
1
1
1
1
1
0
0
0
1
0
1
1
0
0
1
1
1
0
0
0
1
1
1
1
1
1
1
0
1
1
1
0
0
1
0
1
0
1
1
1
1
1
0
0
1
0
0
0
1
0
0
1
0
0
1
1
0
1
0
0
0
0
1
1
0
1
0
0
1
1
0
1
0
1
1
0
0
1
1
0
0
0
1
1
0
0
0
1
0
1
1
0
1
1
0
0
0
1
1
1
1
0
0
1
0
0
0
1
0
1
0
0
0
0
0
0
0
1
1
1
0
1
0
1
1
0
1
0
1
0
0
1
1
0
0
1
0
1
1
0
0
1
1
1
1
0
0
0
1
1
1
0
0
0
0
0
1
1
1
1
1
1
0
1
1
1
1
0
1
0
1
0
1
0
1
0
1
0
0
0
1
0
1
1
1
1
0
1
1
0
1
0
1
0
1
0
1
0
1
0
1
1
1
1
1
1
0
0
1
1
0
1
1
0
0
1
0
1
1
0
0
0
1
0
0
0
0
0
0
0
1
1
1
1
0
1
1
1
1
1
1
1
1
0
1
1
1
0
1
1
0
1
0
1
1
1
0
0
0
1
1
0
0
1
0
0
0
1
1
0
0
1
0
1
1
1
1
1
0
0
1
0
0
1
0
1
0
0
1
1
0
0
1
1
1
0
1
1
1
0
1
1
1
1
0
1
0
1
1
1
0
0
1
0
1
1
0
1
0
0
1
0
1
1
0
1
1
0
1
1
1
0
0
0
1
0
1
0
0
0
1
1
1
0
1
0
0
0
0
0
0
1
1
1
0
0
0
0
0
1
0
1
1
0
1
1
0
0
0
0
0
0
0
1
0
1
1
0
0
1
0
0
0
0
1
0
1
0
0
1
1
0
0
1
0
0
1
0
0
1
1
0
0
1
0
1
1
1
0
1
0
0
0
0
1
0
1
0
1
0
0
1
1
0
0
0
0
1
1
1
0
0
1
1
0
0
0
0
0
0
0
0
1
0
0
0
1
0
1
0
0
0
0
1
1
0
1
0
0
0
0
0
0
0
1
1
1
1
0
0
0
0
0
0
0
0
1
0
0
1
1
0
0
1
1
0
1
0
0
1
0
0
0
1
1
0
0
1
1
0
1
1
1
0
1
0
1
0
0
0
0
0
0
1
1
0
0
0
1
1
1
0
1
0
1
0
1
0
0
0
0
1
1
0
1
1
0
1
1
0
0
1
0
0
0
1
0
1
0
1
0
0
1
1
1
0
0
1
1
0
1
0
1
1
0
0
1
1
0
1
1
1
0
1
1
0
0
1
1
1
0
1
1
1
0
0
1
1
0
0
1
1
0
0
0
1
1
0
1
0
0
1
0
0
1
1
0
1
0
0
0
0
1
0
0
0
0
0
0
0
0
0
0
0
1
0
0
1
0
0
1
1
1
0
1
0
1
0
0
0
0
0
1
1
1
1
1
1
1
0
1
0
0
1
1
1
1
1
1
1
1
1
1
1
1
1
0
1
0
1
1
0
1
1
0
1
1
0
0
1
0
1
0
0
1
0
0
0
0
0
0
0
1
1
0
0
1
0
1
0
1
1
0
0
0
0
0
1
0
1
1
0
1
0
0
0
1
1
1
1
0
1
1
0
0
0
1
0
0
0
0
1
0
1
1
1
0
0
0
1
0
0
0
1
1
0
0
0
1
0
1
0
0
1
1
0
0
0
0
1
1
1
1
0
1
1
1
1
0
0
1
1
1
0
1
1
1
0
0
0
0
1
0
1
0
1
1
0
0
0
0
1
1
1
0
1
1
1
0
0
1
0
1
1
0
1
0
1
1
1
0
1
1
0
1
0
1
0
0
0
0
0
0
0
0
0
1
1
0
0
0
0
0
0
1
0
1
1
0
1
1
1
0
1
1
0
1
0
0
1
0
0
0
0
1
1
1
1
1
0
0
1
0
1
0
1
0
1
1
1
0
1
1
1
1
0
0
0
1
0
0
0
1
1
0
0
0
0
0
1
0
0
0
1
1
0
0
0
0
0
1
0
0
0
0
1
0
1
0
0
1
0
0
0
1
1
1
0
0
0
1
0
0
1
0
0
0
1
0
0
1
0
0
1
0
0
1
0
1
0
0
1
0
1
0
0
1
0
1
1
1
0
1
1
0
1
1
1
0
0
1
0
0
1
0
0
0
1
1
1
0
1
0
1
1
1
1
0
1
0
0
0
1
0
0
1
0
0
0
1
0
0
1
0
1
1
1
0
0
0
0
0
0
1
0
1
1
1
1
0
1
1
1
0
1
0
1
0
0
1
1
1
0
1
0
1
1
1
1
0
1
0
1
1
1
0
0
0
1
0
1
1
0
0
0
1
1
1
1
1
0
1
0
1
1
0
0
0
1
1
1
0
1
1
0
0
1
1
1
0
0
0
1
1
0
0
1
1
0
0
1
0
0
1
0
1
0
0
0
0
1
0
0
1
0
0
0
0
0
1
1
0
1
0
0
0
0
0
0
0
0
1
1
0
0
0
1
1
0
1
0
1
1
0
1
1
0
1
1
0
1
1
1
0
1
0
1
1
0
1
0
1
0
0
1
0
0
0
1
0
1
1
0
1
0
0
0
0
0
1
0
1
1
1
1
0
1
0
1
0
1
1
1
0
1
1
0
0
0
0
1
1
0
1
1
0
0
0
0
0
1
0
1
1
1
0
0
0
0
1
0
0
0
0
1
0
0
1
1
0
0
0
1
0
0
1
1
0
1
1
0
0
0
0
1
0
0
1
1
0
1
1
1
0
0
1
0
1
0
1
0
1
1
1
1
0
0
0
1
0
1
0
0
1
1
1
0
1
1
0
0
1
1
0
0
0
1
0
1
1
0
1
1
0
0
0
1
1
1
1
1
0
1
0
1
0
1
1
1
0
1
0
1
1
1
1
1
0
1
0
1
1
1
1
0
0
0
0
1
0
1
1
0
1
1
0
0
0
0
0
0
1
1
1
0
0
1
1
1
0
0
0
1
1
0
1
1
0
1
1
0
1
0
0
1
1
0
1
0
1
0
0
0
0
1
1
1
0
1
1
1
0
0
0
0
1
0
1
1
1
0
1
1
0
0
0
1
0
1
0
0
0
0
1
0
0
0
0
0
1
1
0
1
1
0
0
1
0
1
1
1
1
1
1
0
1
0
1
0
1
1
0
1
0
1
1
1
1
1
1
1
0
1
0
1
0
1
1
1
0
1
0
1
0
0
0
0
1
0
0
0
0
0
1
0
1
1
0
0
0
1
0
1
1
1
1
0
1
0
0
1
0
0
1
0
0
1
1
1
1
0
1
1
0
0
0
0
0
0
1
0
1
1
1
1
0
0
1
1
0
0
1
0
0
0
1
1
1
0
0
0
1
1
0
0
1
1
0
0
1
1
1
1
1
1
1
0
0
0
1
1
1
0
1
0
0
1
1
0
1
1
0
1
1
0
0
0
1
0
1
1
1
0
0
0
0
1
0
1
1
0
1
1
1
1
1
1
1
1
1
1
0
0
1
1
1
0
1
1
0
0
0
1
1
0
1
1
0
0
0
1
1
0
1
0
1
1
0
1
0
1
0
1
1
1
0
1
1
1
1
0
1
1
0
0
1
0
0
0
0
1
0
1
0
0
0
1
1
1
0
0
1
0
0
0
1
0
1
1
1
0
0
0
0
0
1
0
0
1
1
1
1
1
1
1
1
1
0
1
1
0
1
0
1
0
0
1
1
1
1
1
0
1
1
0
1
0
0
1
1
0
1
0
0
1
0
0
1
1
0
1
0
1
0
0
1
1
0
1
1
0
0
0
0
1
0
0
1
0
1
0
0
1
1
1
1
1
0
0
1
1
1
0
0
0
0
1
1
0
1
0
0
0
1
1
1
0
1
1
1
0
0
0
0
1
0
1
0
1
1
0
0
1
1
0
1
0
1
1
0
1
0
0
1
1
0
1
1
0
0
1
1
0
0
0
0
0
0
1
0
1
1
1
1
1
1
1
0
0
0
1
0
0
1
1
0
1
0
0
1
1
0
0
0
1
0
0
0
1
1
1
0
1
1
0
0
1
0
0
0
1
1
0
1
0
1
1
0
1
1
0
1
1
1
1
1
1
0
0
0
0
0
1
0
1
0
1
1
0
1
1
1
1
1
1
0
1
0
0
0
1
0
0
1
0
0
0
1
0
0
0
0
0
0
1
0
0
0
0
0
0
1
1
0
0
1
0
0
0
1
1
0
0
1
0
0
1
0
0
0
1
1
0
0
0
1
0
1
0
1
0
1
1
0
1
1
1
1
1
1
1
0
0
1
0
0
0
0
1
1
1
0
0
0
1
1
1
1
0
1
1
1
0
0
1
0
1
0
0
1
0
0
0
1
0
0
0
1
0
1
0
0
1
0
0
0
1
0
1
1
1
1
1
0
0
1
0
1
1
0
0
1
0
0
0
0
1
0
0
1
0
1
0
0
0
1
1
1
1
0
1
0
1
1
1
1
1
0
1
1
0
1
1
1
0
1
1
1
0
1
1
0
0
0
0
0
1
1
0
1
0
1
0
0
0
1
1
1
1
1
0
0
1
0
0
0
1
0
1
0
0
1
1
1
0
0
0
1
1
1
1
1
0
1
0
1
0
1
1
0
1
0
1
0
1
0
1
0
1
0
1
1
0
0
0
1
0
1
1
0
1
0
0
1
0
0
1
1
1
0
0
1
1
1
1
1
1
1
0
1
1
1
1
1
1
0
0
0
0
0
0
1
0
1
0
1
0
0
1
1
1
1
1
0
0
1
0
0
1
1
0
1
1
1
1
0
1
0
0
0
1
1
1
0
0
1
1
0
0
0
0
1
1
1
0
0
0
0
0
1
0
1
1
1
0
1
0
1
0
1
0
1
1
1
0
1
1
0
0
1
1
1
0
0
1
0
1
0
0
0
1
1
0
0
1
0
0
1
1
0
0
1
0
0
0
1
1
1
1
0
1
0
0
1
0
1
1
1
0
0
1
0
0
1
1
0
1
1
0
0
0
0
1
1
1
0
1
0
1
0
0
0
1
0
0
0
1
1
1
0
1
1
0
1
0
1
1
0
0
0
0
1
1
1
1
1
1
1
1
0
0
0
1
1
1
1
0
1
0
1
0
0
0
0
0
1
0
1
0
1
0
0
1
0
0
0
1
0
0
0
0
0
0
1
0
1
1
1
1
0
1
0
0
1
0
1
1
0
1
1
0
0
1
0
0
1
0
1
0
0
0
0
0
0
0
0
1
1
1
0
1
1
1
0
1
1
1
0
0
0
0
1
1
0
1
0
1
1
0
1
1
1
0
0
0
0
0
0
1
1
1
1
1
1
0
1
1
0
1
1
0
1
1
0
0
1
0
1
0
1
0
1
1
0
1
0
0
0
0
1
1
1
1
0
1
1
0
0
1
0
1
0
1
1
1
1
0
1
0
1
1
0
1
1
0
0
0
1
1
1
0
0
1
0
0
1
1
1
1
1
1
1
1
1
1
1
0
0
0
1
0
0
0
1
0
1
0
1
0
0
0
0
0
0
0
0
0
1
1
0
0
1
1
1
0
0
0
1
1
1
1
1
0
1
1
1
0
0
0
1
0
0
1
0
0
0
1
1
0
1
1
1
1
0
1
0
0
0
1
1
0
0
0
0
0
1
1
1
1
0
1
0
0
0
0
0
1
0
0
1
1
1
0
1
0
0
0
0
0
0
0
0
1
0
0
1
0
0
0
1
0
1
1
0
0
1
1
0
1
1
1
1
0
1
1
1
0
0
1
0
1
0
1
0
1
1
0
1
1
0
1
0
1
1
0
1
0
0
0
1
1
0
0
0
1
1
0
0
1
0
1
0
0
1
0
1
1
1
0
0
0
0
1
0
0
0
1
1
1
0
0
1
0
1
1
1
0
1
0
1
1
0
0
0
1
0
0
0
0
1
1
1
0
0
0
1
1
1
0
0
0
0
1
0
1
1
0
1
0
0
1
1
0
1
0
1
0
0
0
1
1
1
0
1
1
1
1
1
1
0
1
0
1
0
1
1
0
1
0
1
0
0
1
0
0
1
1
0
0
1
1
1
0
1
0
0
0
1
0
1
0
0
1
1
0
0
1
0
0
0
0
0
0
1
1
1
1
1
0
0
0
1
1
0
1
0
1
1
0
0
1
1
0
0
1
0
1
0
0
1
0
1
1
0
0
0
0
0
0
0
0
1
0
1
0
0
1
1
0
0
0
1
1
0
1
1
1
0
1
0
0
1
0
1
1
0
1
1
0
1
1
1
1
0
1
1
1
0
0
1
1
1
1
0
1
1
1
0
1
1
1
1
1
1
1
0
1
0
0
0
1
0
0
0
0
1
1
0
1
0
0
1
0
0
0
1
1
1
1
1
0
0
1
1
1
0
0
0
0
1
1
1
1
0
0
0
1
1
0
1
1
1
0
1
1
0
0
0
0
1
0
1
1
1
1
1
1
1
0
0
1
1
1
1
0
1
1
1
0
0
0
1
1
0
0
0
1
1
0
0
1
0
0
1
1
1
1
0
1
1
1
1
0
0
0
1
1
1
1
0
0
1
1
1
0
1
0
0
1
0
0
0
0
0
1
1
1
1
1
1
0
0
0
0
0
1
0
1
0
0
0
0
0
0
0
0
1
1
0
0
0
1
1
0
0
1
0
0
1
1
0
0
1
1
0
0
1
0
0
0
1
0
0
0
0
0
0
0
0
0
1
1
0
0
0
0
1
1
1
1
1
1
0
0
1
1
0
1
1
0
1
1
0
0
1
0
1
0
1
1
0
0
0
0
1
1
1
1
0
0
1
1
1
1
0
1
1
0
1
0
0
0
1
1
1
0
0
0
0
0
0
1
1
0
0
1
1
1
0
1
1
1
0
0
1
1
0
0
1
0
0
1
1
0
0
0
1
0
1
0
1
0
0
1
1
1
0
1
0
1
0
0
0
1
1
1
0
1
0
0
0
0
1
0
0
1
1
0
0
0
0
1
0
1
1
0
1
0
1
0
1
1
0
0
1
0
0
0
1
0
1
0
0
0
0
1
0
0
1
1
0
1
1
1
1
1
1
1
1
0
0
0
1
1
0
1
1
0
1
0
0
0
0
1
0
0
1
1
1
1
0
0
0
1
1
1
1
1
1
0
1
0
0
1
0
0
0
0
0
0
1
0
1
1
1
0
1
1
1
0
0
0
0
1
0
1
0
1
1
0
0
0
1
1
0
0
1
1
1
1
1
1
1
0
0
0
1
0
1
1
1
0
1
0
0
0
0
1
0
0
1
0
0
1
1
1
0
1
1
0
0
1
1
0
0
1
0
0
0
1
1
0
1
1
0
1
0
1
1
1
0
1
0
0
0
0
1
1
0
1
1
0
0
1
1
1
1
1
1
0
0
1
1
1
1
0
1
1
0
1
1
0
0
1
1
0
1
0
1
1
0
1
1
0
0
0
0
1
1
0
1
1
1
1
1
0
0
1
1
0
0
0
1
0
1
1
0
1
1
1
0
0
0
0
0
1
1
1
0
0
0
0
0
1
0
0
1
1
1
1
1
1
1
1
0
1
1
0
0
1
0
1
1
0
0
0
1
0
0
1
0
0
0
1
0
0
0
1
0
0
1
1
1
0
0
0
0
1
0
1
0
1
1
0
0
0
0
0
1
0
1
1
0
1
0
0
1
1
1
1
1
1
1
0
1
0
1
1
1
0
1
0
1
1
1
1
1
1
1
0
0
1
1
1
1
1
0
1
1
0
1
1
1
0
0
1
0
0
1
1
0
1
0
1
0
0
0
0
0
1
1
1
0
0
0
1
1
1
1
1
1
0
0
0
1
0
1
1
1
0
0
1
0
1
1
0
1
0
1
0
0
0
0
0
0
1
1
1
0
1
0
1
1
1
1
0
1
0
0
1
1
1
0
1
0
1
1
1
0
1
1
0
1
1
1
1
0
0
1
1
0
1
0
0
0
0
1
0
0
0
1
1
1
1
1
0
0
1
0
0
0
0
1
1
0
0
1
1
0
1
1
0
1
0
0
1
0
1
1
1
1
0
0
0
1
0
1
1
1
0
0
0
0
0
1
0
0
1
1
1
1
0
0
0
0
1
0
1
0
1
1
0
1
1
1
0
0
0
1
1
1
0
0
1
0
1
1
1
0
1
0
1
1
0
1
0
1
0
1
0
1
0
1
0
0
1
1
1
0
1
1
0
1
1
0
1
1
0
1
0
0
0
1
1
1
1
0
1
1
0
0
1
1
1
0
1
0
1
1
1
0
1
1
1
1
1
0
1
1
0
0
1
0
0
1
1
0
1
1
1
0
0
0
0
1
0
0
1
1
0
0
1
0
1
1
0
1
1
1
1
0
0
0
0
0
1
0
1
0
0
0
1
1
1
1
0
0
1
1
1
0
0
1
0
0
1
0
1
0
1
1
1
1
1
0
1
0
0
0
1
1
1
0
1
0
1
0
1
1
0
1
0
0
1
0
0
1
0
1
0
0
1
0
1
1
1
0
1
1
1
0
1
0
0
1
1
0
1
1
1
0
0
1
1
0
1
1
1
0
1
0
0
0
1
0
1
0
0
0
0
0
0
1
1
1
0
0
0
0
0
0
0
1
0
1
1
0
0
0
0
0
0
0
1
1
0
1
0
0
1
0
0
0
0
0
0
1
1
1
0
1
0
1
0
1
0
1
1
0
1
1
0
0
1
1
0
0
1
1
0
0
1
1
1
0
0
1
1
0
0
0
1
1
1
0
0
0
0
1
1
0
0
0
1
1
1
1
0
0
1
0
0
1
0
1
0
0
1
0
0
1
0
0
1
1
1
1
1
0
1
0
1
1
0
0
1
0
0
0
1
1
1
0
1
1
1
0
0
0
0
1
1
0
1
1
1
0
1
1
1
0
1
1
1
0
0
0
0
0
0
1
0
1
1
0
0
1
1
0
0
1
1
1
1
0
0
0
0
0
1
1
0
0
1
0
0
0
1
0
0
0
1
1
1
1
1
0
0
0
1
1
0
0
0
0
0
1
1
1
0
1
0
1
1
0
0
1
0
1
1
0
1
1
0
0
1
1
1
0
1
0
1
1
1
1
1
1
1
1
1
1
0
1
1
1
0
0
1
1
0
1
1
1
1
1
0
1
1
0
0
0
1
0
1
1
0
1
1
1
0
0
0
0
0
0
1
0
1
0
1
0
1
1
1
0
0
0
0
1
1
0
0
0
1
1
0
1
1
1
0
0
1
1
1
1
0
1
0
1
1
0
0
1
1
0
0
1
0
1
0
0
0
0
0
1
1
1
1
1
0
0
1
1
0
0
1
1
0
1
1
0
0
1
1
0
0
0
0
1
1
0
0
1
1
1
1
1
1
0
0
1
1
1
1
1
1
1
0
1
0
1
1
1
1
1
1
1
1
1
0
0
0
0
1
0
1
1
0
0
1
1
1
1
1
0
0
0
1
0
0
1
1
0
1
0
0
1
1
0
0
1
1
0
0
0
0
0
1
1
0
0
1
0
0
0
0
0
1
0
0
1
1
1
1
1
0
0
1
0
0
1
1
1
1
0
0
0
0
1
0
0
1
1
0
0
0
1
0
0
0
0
1
0
0
1
1
1
0
1
1
0
0
0
1
1
0
1
0
0
1
0
0
1
1
0
0
0
0
1
0
1
1
0
1
1
1
0
0
1
1
0
1
1
0
1
1
0
1
0
0
1
1
1
1
0
0
1
0
0
1
0
0
1
1
1
0
0
0
1
0
0
1
1
1
1
1
1
1
1
1
0
1
0
0
0
0
1
0
1
0
0
1
1
0
0
0
0
1
1
0
1
0
0
1
0
1
1
1
0
0
0
0
1
1
1
0
1
1
1
1
1
0
1
1
0
0
1
1
0
1
0
0
1
1
1
1
0
0
0
0
0
0
1
1
0
1
1
1
1
1
1
0
1
0
0
0
1
0
0
1
1
0
1
1
1
0
0
1
0
0
1
1
0
1
1
0
1
0
0
0
1
0
0
1
1
1
0
1
0
0
0
1
1
1
1
0
0
1
0
0
1
0
0
1
0
1
0
0
0
0
0
1
1
1
0
0
0
0
0
0
1
0
0
1
1
0
1
1
1
1
1
0
1
0
0
0
1
1
0
1
1
1
1
1
1
0
1
1
1
0
1
0
1
0
0
0
1
1
0
0
0
0
1
1
0
0
0
1
0
0
1
1
0
1
1
1
1
1
0
1
0
1
1
0
0
1
0
1
1
0
0
1
1
0
0
1
1
0
0
0
1
1
1
0
1
1
0
0
1
0
0
1
1
1
0
0
1
0
1
1
1
0
0
0
1
0
1
0
1
0
0
1
0
0
0
1
1
1
1
1
1
1
0
1
1
0
0
1
1
1
0
0
1
0
0
1
0
1
0
1
0
1
0
1
0
1
0
0
0
0
1
0
0
1
1
1
0
0
0
0
1
0
0
1
0
0
1
1
0
0
0
0
0
0
1
1
1
0
1
0
0
0
0
0
1
0
1
0
0
0
0
0
1
1
0
1
1
0
1
0
0
1
1
1
1
0
1
0
0
1
1
0
1
0
0
0
0
1
0
1
0
1
0
0
0
1
1
0
1
0
1
0
0
1
1
0
0
1
0
0
1
0
0
0
1
0
0
1
1
0
1
1
0
0
0
1
0
0
1
0
1
0
0
1
1
1
0
0
1
1
1
0
0
1
1
0
0
0
1
1
0
1
0
0
0
0
0
0
1
0
0
0
0
1
0
0
0
1
0
0
1
0
0
0
1
0
0
1
1
1
1
1
0
1
1
1
0
1
1
1
0
1
1
1
0
0
1
1
0
0
0
1
0
1
1
1
0
0
1
0
0
1
1
1
1
0
0
0
0
0
1
0
1
1
1
0
0
0
0
1
1
0
0
0
1
1
0
1
1
0
0
0
1
0
0
0
0
0
1
0
1
1
1
0
1
0
1
1
1
0
0
1
0
1
1
0
0
1
1
1
1
0
1
1
1
0
1
1
1
1
0
0
0
1
1
0
1
0
1
0
0
0
1
1
1
1
0
1
1
0
1
1
1
0
0
0
1
1
1
1
1
0
1
1
0
0
1
1
1
0
1
1
0
0
0
1
1
1
0
1
1
0
1
0
0
0
1
1
1
0
0
1
1
0
0
0
0
1
1
0
1
0
1
1
0
1
1
1
1
1
0
0
0
0
1
0
0
1
1
1
1
1
0
0
1
1
0
0
0
1
1
0
0
0
0
1
0
1
0
1
0
1
0
0
0
1
0
0
0
0
0
0
0
1
1
1
1
0
0
0
0
0
0
1
0
0
0
1
1
0
1
1
0
0
1
1
1
1
0
0
1
0
0
1
1
0
1
0
1
1
0
0
1
0
0
1
0
1
0
0
1
1
1
1
1
0
1
1
1
1
0
1
0
0
0
1
0
0
1
0
1
1
0
0
0
0
0
1
0
1
1
0
0
1
1
0
0
0
0
1
1
1
0
0
1
1
1
1
0
0
0
1
0
0
1
1
0
0
0
0
1
1
0
1
0
1
1
0
0
0
1
0
1
1
1
1
0
0
1
1
0
0
0
1
1
1
1
1
0
0
1
0
1
1
1
0
1
0
1
0
1
0
1
0
1
0
1
0
1
1
0
1
0
0
0
0
0
1
0
1
1
1
1
0
0
1
1
0
0
1
1
1
0
1
0
0
1
1
0
1
1
0
0
0
1
1
1
0
1
1
1
1
0
0
0
1
0
0
0
1
1
0
1
1
1
1
1
1
0
1
0
0
1
1
0
1
0
0
0
0
1
1
1
0
0
0
0
0
0
0
1
1
1
1
0
0
0
1
0
1
1
0
1
0
0
1
0
0
1
0
0
1
0
1
0
1
0
1
1
1
1
1
0
1
0
0
0
0
0
1
0
1
0
1
1
0
0
0
1
0
0
1
1
0
1
1
0
0
1
1
1
0
1
0
1
0
0
0
0
0
1
0
1
1
1
0
1
1
1
0
0
1
0
0
1
0
1
0
1
0
0
1
0
0
0
0
1
0
0
0
0
0
0
0
0
1
1
0
0
0
1
1
1
0
1
0
1
1
1
1
1
1
1
0
1
0
1
0
1
0
0
1
1
1
0
1
1
1
1
1
0
0
1
1
0
0
0
1
1
1
0
1
0
0
1
0
1
1
0
1
0
0
1
1
0
1
1
1
0
0
0
0
1
0
1
1
1
0
1
1
1
1
0
0
1
1
0
1
1
1
0
1
0
1
0
0
0
0
0
0
1
1
1
1
0
1
0
1
0
0
0
0
1
0
0
1
1
1
0
0
0
0
0
0
1
1
1
0
0
0
1
0
1
1
1
0
1
0
0
0
1
1
1
1
1
1
0
0
0
1
0
1
1
1
0
0
0
0
0
0
1
1
0
1
0
0
0
0
1
0
1
0
0
1
1
0
1
0
1
1
1
1
0
1
1
1
1
1
1
1
1
0
1
0
1
1
1
0
0
0
1
0
0
0
1
0
1
0
1
1
1
0
0
0
1
1
1
1
1
1
1
1
1
0
1
1
1
1
1
0
1
0
1
0
1
0
0
1
0
1
1
1
1
0
1
0
1
1
1
0
0
1
0
0
1
1
0
1
1
0
1
1
0
1
0
0
1
1
1
0
1
0
1
1
1
1
1
0
0
1
1
0
1
0
0
0
0
1
1
1
0
1
1
1
0
0
0
1
0
1
0
1
0
1
1
1
1
1
1
1
0
0
0
1
0
0
1
0
1
1
1
1
0
1
1
0
1
0
0
1
0
0
0
1
1
0
1
1
1
0
1
0
1
1
0
1
1
1
1
0
0
1
0
1
0
0
0
1
0
1
0
1
0
1
1
0
0
1
0
1
1
1
0
1
0
0
1
1
0
1
0
1
1
0
0
0
1
1
1
0
0
1
1
1
0
0
1
1
1
0
0
0
1
1
1
0
1
1
1
1
0
1
0
0
1
0
0
1
1
1
1
0
0
0
0
0
0
1
1
0
0
0
0
0
1
0
1
0
1
1
0
0
1
1
1
1
0
1
1
0
1
1
0
1
0
1
0
0
0
0
1
1
1
1
0
1
0
1
0
1
1
1
1
1
0
1
1
1
0
0
1
1
1
0
1
1
1
0
1
0
0
0
1
0
1
1
0
0
0
0
1
1
1
1
1
0
1
0
1
1
1
0
1
1
0
1
0
1
0
0
0
1
1
0
0
1
0
1
0
0
0
1
1
0
0
0
1
0
0
0
0
1
1
1
1
1
1
0
1
0
0
0
1
0
1
0
0
1
0
1
1
1
1
0
0
0
0
0
0
0
1
0
1
0
0
1
0
0
1
0
1
0
0
1
1
1
0
0
0
0
1
0
0
1
0
0
0
0
0
0
1
1
0
1
0
1
0
0
1
0
1
1
1
1
0
0
0
1
1
1
1
1
1
1
0
1
1
0
0
0
0
1
0
1
0
1
1
0
0
0
0
1
1
1
1
1
1
0
1
1
1
1
0
1
1
1
1
1
1
1
1
1
1
0
1
0
0
1
1
0
1
0
0
0
0
0
0
1
1
1
0
1
0
1
1
0
0
0
0
0
1
0
1
0
0
0
0
0
1
0
1
1
0
1
1
1
1
0
1
1
1
0
0
0
1
1
1
0
0
0
1
0
1
1
0
1
0
1
0
0
1
0
1
1
0
0
1
0
1
0
0
1
0
1
1
1
0
0
0
0
0
0
0
1
1
0
0
1
1
1
0
0
0
0
1
0
0
1
0
1
0
0
0
0
0
0
0
0
0
0
0
1
1
1
1
0
1
1
1
1
0
0
1
1
0
0
1
1
0
1
0
0
1
1
0
0
0
1
0
0
0
0
0
1
0
0
1
1
0
1
1
1
1
1
0
1
1
0
0
0
0
1
1
0
1
0
1
1
0
1
1
0
0
0
0
0
1
0
1
1
1
1
1
1
1
0
1
0
1
1
0
1
0
1
1
1
1
1
1
1
0
0
1
1
0
1
1
1
1
0
1
0
1
1
1
1
1
1
0
0
0
0
1
1
0
0
1
1
0
0
0
1
1
0
1
0
1
1
0
1
0
1
1
1
1
1
0
1
0
1
0
1
1
0
0
1
1
0
0
1
1
1
1
0
0
0
0
0
1
1
1
1
1
1
0
0
0
1
0
0
0
1
0
0
1
1
1
1
0
1
0
0
0
0
1
0
1
0
1
0
0
1
0
1
0
0
1
0
1
0
0
1
0
1
0
0
1
1
1
1
0
1
0
0
0
0
0
1
1
0
0
0
0
0
1
1
1
1
1
1
1
1
1
1
1
1
1
1
1
0
1
0
1
0
1
0
0
1
0
1
0
1
1
1
1
1
1
0
1
0
0
0
0
0
1
0
0
1
1
0
0
1
0
0
1
0
0
1
1
0
0
0
0
0
1
1
0
1
0
1
1
0
1
0
0
0
1
1
0
1
0
0
1
1
0
1
1
0
0
1
0
0
0
1
0
1
0
1
0
0
0
1
0
1
0
1
1
1
1
1
1
1
1
1
1
1
1
0
0
1
1
1
0
0
0
1
1
1
0
0
1
1
0
1
0
0
0
0
0
0
1
1
1
0
0
0
0
0
0
1
0
1
0
1
1
0
0
1
0
0
0
1
1
0
1
1
1
1
0
1
1
0
1
1
0
1
0
0
1
0
0
0
1
0
0
0
0
1
0
0
0
0
0
1
1
0
0
1
0
0
0
0
0
0
1
0
1
1
1
0
0
1
0
1
0
1
0
1
0
1
0
1
1
0
1
1
1
1
0
0
1
0
1
0
1
0
1
0
0
1
0
0
1
0
0
0
1
1
0
1
1
0
1
1
0
0
1
1
0
0
0
1
1
1
1
0
1
0
0
0
1
1
0
0
0
1
0
1
0
1
0
1
0
0
0
0
1
1
0
0
1
0
1
1
1
1
1
1
0
1
1
1
1
0
1
0
1
0
0
0
0
0
1
1
1
1
0
1
0
0
0
0
0
1
1
0
0
0
0
1
0
1
1
0
1
0
1
0
0
0
1
1
1
0
1
0
0
0
1
1
1
0
0
1
1
1
0
0
0
0
0
0
0
0
1
0
0
0
0
0
1
1
1
1
1
0
0
1
1
1
0
0
0
0
0
0
0
1
1
0
1
0
0
1
0
1
0
1
0
0
1
1
0
1
0
0
1
0
1
1
0
1
0
1
0
1
1
1
0
0
1
1
0
1
1
1
1
1
0
1
0
1
1
0
1
0
1
0
1
1
1
1
1
1
0
0
0
0
1
1
1
0
0
1
1
1
1
0
0
0
1
1
1
1
0
1
1
0
0
1
1
1
0
0
0
1
1
0
1
0
0
0
1
0
1
0
0
1
1
0
0
0
0
1
1
1
1
0
1
1
1
0
0
1
0
1
1
1
0
0
1
1
1
0
1
0
1
0
0
0
1
1
0
0
1
1
0
0
0
1
1
1
1
1
1
0
0
0
1
0
0
0
0
0
0
1
0
0
1
1
1
1
0
0
0
0
0
0
0
0
0
1
0
1
1
1
1
1
1
1
0
0
0
0
0
1
1
1
1
1
0
1
0
1
0
0
1
1
1
0
1
1
1
1
0
1
0
0
1
0
1
1
0
1
1
1
1
0
0
0
1
0
0
1
0
0
1
1
0
0
0
0
1
1
0
0
0
0
1
0
1
0
0
1
0
0
0
1
1
0
0
0
1
1
0
0
1
0
1
1
0
1
0
0
0
1
0
0
1
1
0
0
0
1
0
0
0
1
0
1
0
0
1
0
1
0
0
1
0
0
1
0
0
0
1
1
0
0
0
0
1
1
0
0
0
0
0
1
0
0
0
0
0
1
1
1
0
1
1
0
0
0
1
1
0
0
0
1
1
0
0
0
1
0
1
0
1
1
1
0
0
0
1
1
1
0
1
0
1
1
1
0
0
0
1
1
0
1
0
0
1
0
0
1
0
0
1
1
1
0
0
0
1
1
1
1
1
0
1
1
1
1
1
0
1
1
0
0
0
0
0
1
0
0
1
1
1
1
1
0
0
1
1
0
0
1
0
0
0
0
1
1
0
1
0
1
1
1
0
1
1
0
1
1
1
1
1
1
0
0
1
1
1
0
1
1
1
0
1
1
1
1
1
0
0
0
0
0
1
1
1
1
1
1
0
0
1
0
0
1
0
1
1
1
1
1
1
0
1
1
1
1
0
1
0
1
0
0
0
1
1
0
1
0
0
0
0
0
1
1
0
1
0
1
0
1
0
1
0
0
1
0
0
1
0
1
0
1
1
0
1
0
1
1
0
1
1
0
0
0
0
1
0
1
1
0
1
0
1
1
1
1
0
0
1
0
0
1
0
1
1
1
0
0
0
0
0
0
1
0
1
0
1
1
0
0
1
0
1
1
1
1
1
1
1
0
0
0
1
1
1
1
0
1
0
1
1
0
1
1
1
0
0
0
0
0
0
0
1
1
0
0
0
0
1
1
0
1
1
0
0
1
0
1
0
0
0
1
0
1
0
1
1
0
0
0
0
1
1
1
0
1
1
0
0
0
0
0
1
0
1
1
0
1
0
0
0
0
0
0
1
1
0
1
1
1
1
0
1
1
0
1
1
1
0
1
0
0
0
0
0
1
0
1
0
0
1
0
0
0
1
0
0
0
0
1
0
1
1
0
1
0
1
1
1
0
1
1
0
0
0
1
0
1
0
0
0
0
1
1
0
0
0
0
1
0
0
0
0
1
1
0
0
0
0
0
0
0
0
1
0
0
1
0
1
1
1
1
1
0
1
0
0
0
1
1
1
1
0
0
1
1
0
0
0
1
0
0
1
0
0
0
1
0
0
1
1
0
0
0
1
1
1
0
0
0
1
0
1
1
0
1
0
0
0
1
0
0
1
1
0
1
1
0
0
0
0
0
1
1
1
0
0
1
0
0
0
0
0
1
0
1
0
1
1
0
0
1
1
1
1
1
0
0
1
1
0
0
1
1
0
1
0
1
0
1
1
1
0
1
0
0
1
1
0
1
0
0
0
0
1
1
0
0
1
1
1
1
1
1
1
0
1
1
0
0
1
1
1
0
0
0
1
1
1
1
0
0
1
0
1
0
1
1
0
1
1
1
0
1
1
1
0
1
0
0
1
1
0
1
1
0
0
0
0
1
1
0
0
1
1
0
1
0
0
0
0
1
1
1
1
1
1
1
0
0
0
0
1
0
0
1
0
1
1
1
0
1
0
1
1
0
0
1
1
0
1
0
1
1
0
0
0
1
1
1
0
0
1
0
0
1
1
0
1
1
0
1
1
0
0
0
0
1
1
1
0
0
1
1
1
0
1
1
0
0
0
0
0
1
0
0
0
1
0
1
0
0
0
0
1
1
1
1
0
1
0
1
0
1
0
1
1
0
1
1
0
0
0
0
1
0
0
1
0
0
0
1
1
1
0
0
0
1
0
1
0
1
0
0
1
0
1
0
1
1
1
0
1
0
0
0
0
1
0
1
0
0
0
1
0
1
0
1
0
0
1
1
0
0
0
1
1
1
0
1
1
0
1
1
0
1
0
1
0
0
1
0
0
1
0
0
0
1
0
1
1
0
1
0
1
1
1
1
1
0
1
0
1
1
0
0
1
0
1
1
0
0
1
0
1
1
1
0
1
0
1
1
0
0
1
0
1
0
0
0
1
0
1
0
1
1
1
0
1
1
1
0
1
0
0
0
1
1
0
1
0
0
0
0
0
0
0
1
1
1
1
0
0
0
1
1
1
0
1
1
1
1
0
0
1
0
1
0
0
0
0
1
1
1
0
1
0
0
1
1
1
1
1
0
0
1
0
1
0
0
1
0
1
1
0
0
1
0
0
0
0
0
0
0
1
0
1
1
0
0
0
0
0
0
0
0
0
1
0
1
0
1
0
0
0
0
1
1
1
0
1
1
1
1
0
1
1
0
0
1
0
1
0
0
1
1
1
0
1
0
0
0
1
1
1
0
1
1
0
1
1
1
1
1
0
1
1
1
0
1
1
0
1
1
0
1
1
0
1
0
0
0
0
1
0
1
0
0
1
1
1
0
0
0
0
0
1
1
1
0
1
0
0
1
0
1
1
1
1
1
1
0
0
1
1
1
1
1
0
1
1
0
0
0
1
0
1
1
1
0
1
1
0
1
0
1
0
0
0
1
1
1
1
0
0
0
1
0
1
0
1
1
0
1
1
0
1
0
0
0
1
1
1
0
1
0
1
1
1
0
0
0
0
1
1
1
1
0
1
1
1
0
0
0
1
0
0
0
0
0
1
0
0
0
0
1
1
0
0
0
0
1
0
0
0
0
0
1
0
1
1
1
0
0
1
1
0
1
1
1
0
0
0
0
1
0
0
0
1
1
1
1
0
0
1
1
0
1
0
1
1
1
1
1
0
1
1
0
1
0
0
1
1
0
1
0
0
1
1
0
0
0
1
0
0
0
0
1
1
0
0
0
0
1
0
0
1
1
1
1
1
1
0
0
0
0
1
1
0
0
0
1
0
1
1
1
1
1
1
1
1
0
0
1
1
1
0
0
1
0
0
1
1
0
1
0
0
0
0
0
0
1
0
0
1
0
1
0
1
1
1
0
1
1
1
0
0
1
0
0
0
1
0
1
1
0
0
1
1
0
0
0
1
0
1
1
1
1
1
1
0
1
0
1
1
0
0
1
0
1
1
0
0
1
0
0
1
1
0
1
0
0
0
0
0
0
0
0
0
0
1
0
1
1
1
1
1
0
0
0
0
0
1
0
1
0
1
0
1
0
1
1
0
0
0
0
1
0
1
0
1
1
0
1
0
1
0
1
0
1
0
0
1
1
0
0
1
1
1
0
1
1
1
1
1
0
0
1
0
0
0
1
1
0
1
0
1
0
1
1
1
0
1
1
0
0
0
0
1
0
1
0
1
0
0
0
1
1
0
0
1
1
0
0
1
1
0
0
0
1
0
1
1
1
0
0
0
0
0
1
1
0
0
1
1
1
1
1
0
1
1
1
0
0
1
0
1
0
1
1
1
0
1
0
0
0
1
0
1
1
0
1
0
1
0
0
0
1
0
0
1
1
0
1
0
1
1
1
1
1
1
0
0
0
0
0
1
1
0
1
0
0
0
0
1
1
0
1
0
0
1
0
1
0
1
1
0
1
1
0
0
0
0
1
1
0
0
1
1
0
1
0
0
0
0
1
1
0
1
0
