101
11 7 11 11 8
3 9 3 9 3
10 2 1 7 9
13 6 13 6 13
5 3 13 6 2
12 1 11 7 9
4 5 4 4 5
10 9 9 9 9
8 9 8 8 7
1 1 6 1 1
2 3 5 4 1
3 3 7 10 13
9 9 9 4 6
1 3 1 1 9
11 11 5 5 11
3 12 7 6 9
4 1 1 4 4
5 10 6 2 2
7 4 7 7 2
5 1 5 1 1
1 2 2 2 2
6 3 3 6 3
8 5 4 7 6
1 6 4 12 5
11 8 4 4 11
4 5 6 3 2
3 9 5 5 5
1 12 1 10 2
13 10 4 6 12
1 1 1 1 7
9 9 2 9 2
9 7 10 11 8
1 4 1 1 1
4 3 4 4 6
13 8 10 11 12
3 6 7 5 4
8 2 8 8 13
8 11 13 1 6
10 10 2 2 2
3 6 5 7 4
11 7 7 7 7
5 1 4 3 2
2 8 3 8 1
10 10 3 10 3
5 6 8 7 9
1 13 1 5 5
10 5 7 2 8
10 4 4 7 4
3 5 3 12 3
2 4 7 2 2
7 7 7 12 12
9 9 9 4 4
2 13 13 4 4
8 2 2 1 5
9 2 2 6 9
10 9 9 9 10
8 6 4 2 9
6 6 12 13 13
8 3 8 3 13
6 6 6 11 11
6 7 10 4 4
6 9 4 5 6
3 3 6 3 3
11 8 8 11 11
5 5 2 5 5
1 12 2 11 11
11 1 1 5 8
9 9 8 7 11
10 8 9 6 7
13 3 9 7 13
8 7 4 7 3
13 13 13 3 13
11 6 6 11 6
9 4 9 9 9
4 4 10 10 1
10 10 10 5 5
4 13 13 13 4
8 10 10 10 10
7 7 6 7 9
2 1 4 3 5
9 9 4 10 10
4 6 4 6 6
12 12 12 10 8
13 8 7 4 13
11 6 4 9 7
10 2 10 12 12
12 12 12 13 11
12 9 1 5 11
11 2 3 7 4
13 13 13 13 4
5 8 11 8 8
3 3 3 9 7
3 3 3 2 8
2 7 13 2 2
10 8 6 7 9
9 3 9 9 9
7 9 10 8 11
8 5 8 8 8
3 7 7 4 3
2 9 3 7 13
1 13 1 5 5