20
99 2341
64 74 66 77 61 83 8 54 75 84 24 68 9 6 30 85 59 32 42 14 87 2 23 49 86 0 77 30 25 36 54 20 40 99 95 11 24 60 83 28 95 77 59 9 84 51 10 19 69 87 98 49 51 97 6 73 36 84 97 92 79 2 26 65 11 31 21 18 2 0 41 47 21 54 15 23 67 15 37 2 59 76 27 74 54 93 55 26 29 31 14 10 90 9 53 60 27 33 58
80 3720
58 94 20 3 28 40 54 54 31 65 56 77 39 57 54 34 59 66 9 13 72 82 9 87 81 22 40 60 4 23 38 80 0 10 99 19 74 71 43 61 24 57 70 55 28 62 6 29 58 99 51 34 28 73 78 40 73 31 25 38 96 97 69 41 22 65 28 92 67 48 82 47 46 52 78 43 46 50 55 33
80 1821
26 66 90 64 35 86 44 14 6 25 6 14 99 36 79 74 75 12 88 0 77 42 77 25 7 52 26 37 7 24 94 31 42 45 32 68 97 97 43 51 28 23 33 38 25 3 11 14 20 91 84 54 50 53 99 91 98 4 15 34 83 23 53 41 92 20 35 1 32 20 25 69 5 97 3 28 75 38 67 2
84 2069
94 3 73 17 35 37 12 82 65 18 84 21 10 7 29 7 94 29 43 30 42 60 32 19 53 92 99 80 7 91 4 11 45 50 9 42 65 36 23 9 66 51 97 47 90 56 68 54 54 71 92 92 92 68 52 91 29 41 62 62 5 36 53 47 56 95 40 87 67 24 97 60 87 2 73 2 46 28 56 45 10 5 54 56
82 1622
24 29 88 52 84 84 1 50 46 3 78 38 72 42 52 85 73 81 44 17 36 96 78 87 53 6 51 2 28 31 49 80 92 99 0 95 60 16 72 23 75 16 28 27 7 28 59 23 75 70 3 93 46 74 35 26 76 98 97 54 68 5 99 87 35 89 4 43 4 32 63 1 23 38 10 51 14 42 67 81 27 26
91 2105
76 92 73 75 91 43 26 4 58 29 34 41 4 19 35 75 99 13 58 29 2 22 45 15 77 37 46 40 9 81 43 20 49 18 72 58 4 84 41 75 72 58 8 11 19 76 88 83 51 13 11 93 98 47 6 59 22 13 15 10 5 9 24 57 26 59 34 32 35 6 7 2 59 50 58 84 85 51 73 52 82 23 32 33 73 66 73 64 64 96 79
86 4192
73 96 24 59 46 80 58 81 57 50 97 56 31 33 56 3 31 51 97 89 5 34 35 32 76 34 35 8 50 2 63 60 13 44 78 56 98 67 20 18 54 89 38 78 41 64 87 9 67 62 81 85 88 59 12 79 0 17 42 54 19 33 49 85 74 94 38 36 68 96 77 30 52 31 97 79 68 79 95 84 61 83 43 16 91 65
89 4032
93 64 60 3 27 20 70 31 81 72 17 21 87 69 54 14 72 14 67 33 37 60 38 83 98 72 4 38 33 71 64 0 50 48 78 4 42 26 43 41 52 14 8 66 80 22 28 23 85 26 93 86 50 97 18 94 62 5 21 59 53 95 80 50 26 27 88 51 34 2 4 69 3 53 5 45 57 90 87 10 84 9 68 84 77 6 37 79 47
97 1671
41 43 11 47 45 7 72 80 7 74 16 0 52 67 26 90 20 40 18 60 37 12 43 28 21 45 9 39 56 63 45 43 26 9 97 9 60 58 49 55 2 60 77 0 82 76 59 98 6 78 76 33 43 83 55 96 64 99 41 67 76 60 59 32 28 94 81 92 15 11 1 44 24 15 57 29 27 96 71 47 58 82 10 23 48 78 39 77 24 96 56 43 22 1 67 89 89
85 2116
26 63 16 75 58 43 21 82 71 46 85 24 89 11 66 47 84 92 20 39 34 80 81 60 55 62 99 11 53 61 92 49 0 88 60 14 99 24 14 22 30 8 28 49 50 10 85 16 58 31 78 98 62 81 71 1 66 4 61 71 31 3 19 24 7 86 74 88 17 50 31 65 58 10 75 61 63 81 85 29 17 18 69 95 0
77 1060
37 76 52 24 5 48 37 11 23 2 12 83 91 34 98 11 54 37 11 18 62 27 7 22 96 11 31 33 41 97 23 8 73 11 43 51 86 34 52 56 46 64 88 5 30 34 31 37 67 2 20 68 42 44 73 65 94 50 49 46 32 10 16 91 59 91 16 4 26 53 44 95 64 46 7 55 66
100 2512
43 7 9 66 62 87 21 84 71 77 76 44 69 97 63 32 99 52 84 13 92 94 44 10 20 22 84 68 77 26 1 52 90 62 88 23 86 89 74 43 38 98 41 75 74 8 44 57 52 24 94 24 20 78 23 96 69 14 75 27 23 49 46 38 15 2 23 92 20 39 2 23 65 72 24 42 28 54 75 17 94 26 0 43 56 15 51 81 55 82 56 59 25 9 21 1 95 15 86 60
87 2163
22 70 22 72 31 39 8 58 19 89 27 76 99 20 84 99 75 33 45 91 85 80 13 96 40 39 26 88 13 24 6 3 54 46 34 97 55 54 43 74 99 95 12 82 35 35 85 46 28 80 29 79 24 26 57 33 55 57 53 3 23 30 98 90 22 41 6 57 34 52 23 92 99 10 76 25 73 28 44 37 41 4 16 41 13 88 60
74 2039
49 77 85 76 41 41 92 31 44 21 97 56 50 26 67 5 29 94 33 5 5 82 33 5 84 6 32 39 63 81 22 33 41 75 56 36 6 68 24 22 6 46 48 21 73 21 7 22 17 26 25 68 82 14 68 89 1 14 20 36 56 27 87 25 85 38 8 23 44 32 80 3 74 66
95 2384
80 47 92 59 23 36 51 84 4 34 34 33 72 69 29 79 18 91 57 41 84 33 81 67 46 34 57 51 76 62 39 90 79 87 35 27 14 18 97 62 25 42 34 63 28 82 79 50 77 25 38 45 30 11 50 2 65 65 16 85 80 47 2 75 1 52 40 0 44 28 78 35 46 84 85 45 41 98 1 29 49 94 77 39 90 77 71 20 56 4 19 27 26 51 13
93 2249
31 82 41 78 43 36 24 6 62 75 49 22 61 37 9 46 71 40 97 3 39 4 34 48 43 51 93 30 8 18 48 78 4 1 98 62 37 9 95 31 75 96 30 81 3 56 87 31 89 0 25 78 60 83 65 36 48 81 89 88 30 23 25 27 97 20 42 28 3 33 50 15 76 12 27 14 28 89 56 25 18 96 60 80 55 58 1 88 97 25 98 89 22
96 299
18 60 70 94 41 56 4 46 88 80 10 2 67 93 32 6 2 64 29 60 4 53 35 27 32 72 68 91 93 98 20 2 33 32 44 56 99 6 15 14 9 22 29 76 52 27 40 57 26 23 31 18 18 45 48 21 54 7 85 32 71 16 62 32 14 53 39 97 47 62 62 5 6 38 16 41 28 17 17 59 27 44 50 63 72 89 85 94 96 85 33 41 19 23 48 48
4 138
22 92 51 97
4 137
97 92 22 51
4 136
51 97 22 92