75569
57862
91736
72156
59419
78133
73231
73066
73107
83732
67676
75754
85259
64643
78087
83301
72227
67869
69534
74475
64455
63689
85633
74380
66107
70157
73862
72822
71633
71749
76179
67866
67902
74464
82447
74767
73280
82566
81724
86492
74249
71667
63835
83890
74841
73121
60771
83010
66869
81656
74855
78789
74250
67164
89473
72914
58725
71275
70611
82314
75759
74256
82220
75319
74670
72631
81273
80473
77967
70237
67505
80845
79881
66677
87813
72219
66637
77980
71825
79756
77582
73595
58868
82299
82341
74996
71198
58574
72256
83547
78510
78849
66661
70625
69587
66976
75149
68987
69285
74107
76396
78469
71768
71524
80722
86159
68517
77690
84189
73688
73475
64533
71179
78449
70638
64754
72455
80338
69797
80391
63550
72044
65403
74944
72628
80870
66765
81878
60404
77348
83339
84124
65107
73617
77257
76474
65946
78567
73403
88073
64981
83993
67799
72771
60290
69933
97340
68361
74572
71859
85914
68104
65021
69733
70087
71952
67550
83199
69383
81257
67088
66342
60213
67118
73730
78510
63576
86230
69405
76255
80894
70266
71222
69858
80146
83403
68396
74347
72376
85964
64825
77413
75708
61765
77176
69912
74106
86409
86387
74677
70734
84951
76288
82031
64335
64549
70021
72911
86700
87578
