0.500000
0.001000
0.001000
0.000001
0.015625
0.015625
0.015625
0.015625
0.007812
0.007812
0.007812
0.007812
0.007812
0.007812
0.003906
0.003906
0.003906
0.003906
0.003906
0.003906
0.003906
0.001953
0.001953
0.001953
0.059843
0.023436
0.018784
0.012711
0.019900
0.002767
0.000329
0.013484
0.001516
0.002088
0.001396
0.000033
0.000800
0.003010
0.002192
0.000328
0.000023
0.000408
0.002198
0.002114
0.000000
0.000000
0.000000
0.000000
0.000000
0.000000
0.000000
0.000000
0.000000
0.000000
0.000000
0.000000
0.000000
0.000000
0.000000
0.000000
0.000000
0.000000
0.000000
0.000000
0.000000
0.000000
0.000000
0.000000
0.000000
0.000000
0.000000
0.000000
0.000000
0.000000
0.000000
0.000000
0.000000
0.000000
0.000000
0.000000
0.000000
0.000000
0.000000
0.000000
