54 9 5400
2127 2228
3767 698
275 2844
3084 226
129 3528
3621 5280
1978 2039
186 4646
2580 3942
431 5096
478 4351
1657 2128
5374 4641
3806 3151
63 3022
3637 1886
5344 320
3578 1668
330 5116
2754 5208
5221 1254
1622 2260
349 4853
3094 199
315 390
1301 1644
3084 3553
4484 2730
4308 1171
4020 3344
2647 1067
941 3049
5344 2380
3418 1268
4872 2388
4711 3320
4735 3403
2536 5255
4583 1781
1721 4577
2451 1007
1645 2170
2463 1285
4620 5304
2951 3292
4966 3614
1166 3423
4921 2891
2721 3447
5181 3063
2250 2202
4707 11
2661 138
4133 2906
