62 9 6200
678 4223
6160 234
4964 3043
511 4247
2779 2307
3891 3236
2560 4278
5125 3741
5208 1622
2943 161
2887 1848
3819 3251
4902 3516
1300 650
1433 4573
4298 1184
471 1348
5105 3558
5699 4719
3379 5250
5609 2258
590 3668
2915 2030
1406 2781
3840 706
5688 927
3713 1045
1462 3407
5521 5581
3332 6020
4717 5106
5327 897
5749 4348
2422 2192
5550 1077
5172 2752
153 2045
4213 3043
3690 6012
3266 4409
2365 1427
1383 4025
1376 1326
4614 3225
618 3800
2288 1713
3405 1331
5780 5376
548 619
71 1975
3343 6098
1861 5149
652 2419
4730 3044
1338 1110
5950 819
801 115
3742 4765
1442 3444
597 3857
3503 6044
387 4306
