70 9 7000
1489 2518
1929 5716
6837 572
4811 5263
737 1651
1739 6029
4065 6202
2522 6886
5616 2744
3460 5127
2894 1079
5651 5648
5987 1679
1923 2541
6734 2175
3271 5905
2371 2859
1653 5395
5929 6047
753 1199
3250 5773
1628 3773
6233 5610
765 5428
5026 4912
5201 3964
3178 5727
3373 165
4458 3751
4397 2203
251 2106
1759 1957
3541 6360
26 1803
5244 6985
4215 6038
6350 2543
6761 2716
6906 2311
6382 2250
6568 5326
5965 2947
4747 5600
993 5407
4330 5234
1194 6652
6984 6035
1146 3642
3228 6488
4141 6179
1452 2890
6517 590
4864 1472
3184 6207
3409 2587
3743 2063
535 2376
6327 6590
363 5916
2154 4497
1721 5707
5180 735
109 1760
3147 61
5148 5840
123 2600
4638 5470
12 5779
1643 4337
927 6678
