80 9 8000
4712 484
5164 6971
667 6624
3324 4857
2020 3356
162 5305
7249 237
6488 6344
7252 5798
1271 1544
5560 1700
292 2604
1053 3290
1707 4032
2886 2428
5051 7532
6011 2178
6901 5898
7367 7086
3499 1835
5675 6413
4379 3276
1706 6260
4625 446
7719 3776
417 1021
1890 7007
334 1196
3842 2833
1035 1901
5609 5828
2997 1056
3949 5359
7511 7021
7305 4796
2747 545
2459 3498
2945 1347
5916 3209
1124 7281
2433 441
4801 4330
5309 7710
1600 1189
50 4709
5284 752
6752 5449
7750 7756
3478 1549
4239 3501
4976 2018
1370 2763
668 7306
5854 2135
5800 845
5484 990
7819 496
3968 3989
6650 5802
2539 6324
2723 6979
3416 682
7557 7005
809 7582
7482 3141
5900 6521
7657 3671
3802 1895
7736 4981
3051 7978
7333 6820
4658 6663
3976 2009
1126 2396
3944 3940
645 5540
6836 2590
2801 1700
4718 3927
4758 6545
