82 9 8200
4254 4581
4834 1645
7181 5217
1812 6873
1195 3609
2131 1335
3307 7337
1638 5436
8181 1074
7973 6912
3195 1247
4789 5117
5207 1649
3014 7516
5964 1483
7738 4977
7758 5425
5514 1821
4654 7415
6484 1171
507 3089
7209 6944
912 4382
7119 6760
6244 3753
4930 321
96 6711
4782 3242
907 6258
2615 70
5118 7902
7580 3624
6279 6710
6359 2979
750 5293
2583 5521
6394 7381
3832 4230
3992 3702
3584 147
7249 1934
6082 5699
1030 7005
5115 4767
4414 6724
8062 5896
1106 6413
7726 4580
3635 6403
4408 4015
872 4864
7602 4666
582 3448
7208 6383
6912 1517
6464 868
2312 7941
6698 4758
6361 4536
8102 5330
1217 2282
6082 165
1333 6179
4364 7402
4389 13
1328 7142
3701 4471
7960 6052
8161 2979
3110 5360
254 2584
858 2115
4050 1515
552 4181
6782 4472
6870 6196
468 738
8165 5523
5211 2170
5533 2894
8079 6384
78 5443
