100 9 10000
6118 8880
7827 7575
2904 6112
3188 3194
1485 8875
4521 4478
8405 1744
3186 4553
5049 4658
9358 1221
6250 9654
7166 5989
671 4309
8410 2168
4301 667
111 8412
3842 6427
5567 937
8528 7324
8131 2520
1330 9186
3128 4889
8568 1557
2862 3047
5998 2781
4663 8323
9000 9557
4085 2882
4053 6661
3025 5157
4790 5261
7418 9612
6288 1642
5639 9342
9401 487
5650 2225
1879 1830
4938 2740
9131 1940
967 4559
4276 8132
864 8048
7353 696
5201 1135
4872 910
2854 9437
4504 2784
3899 1746
2020 4474
4051 5999
1012 5015
3410 8924
9459 6732
7211 8788
9156 7052
3170 6148
103 412
2270 5064
7580 5811
3678 3820
1383 3651
5495 9727
2048 5978
6189 8114
3160 4102
1369 9933
45 9820
6486 9484
7626 1447
9228 2935
7484 3555
9128 7677
3802 5990
4862 8768
8763 4679
876 5230
2152 3509
2773 7761
7718 462
9890 4061
4763 4147
2310 4780
5758 9787
2288 3644
3290 6863
1658 4518
9111 3565
6768 5478
7871 4749
9277 9285
7388 6151
1165 7752
1654 4159
1308 6392
3544 3715
8054 3253
5067 6001
1700 9752
3219 9071
5041 5774
