100 9 10000
2193 420
5829 7847
7000 1179
7601 2376
6669 7340
15 9993
7630 541
7395 3379
1346 9150
3832 5793
8101 7961
2463 9408
6468 5523
7114 1337
678 547
1749 762
7801 1494
3396 4594
2759 9242
4312 7176
5961 82
7388 6793
2653 7778
7096 8729
1268 7241
338 9637
338 4037
1155 7780
128 632
6541 1348
5678 6671
4494 4232
4658 3470
3041 425
8751 4141
161 2830
401 8383
6249 8523
9545 478
7359 3669
3369 5448
7823 8459
5370 3852
6998 132
1821 448
3512 3360
2104 9826
5849 4512
3601 3141
9436 2348
2321 9420
1594 8325
8045 4252
5868 3598
187 6345
2865 6268
1888 3607
5746 5628
9691 5251
6608 7259
4242 97
4264 2987
6693 7955
9305 7879
6550 5156
8324 9431
6759 4365
3846 1661
4448 8984
4444 8184
1402 6840
9911 4038
9773 9098
1318 7206
109 1140
6448 9752
8167 8346
8370 5057
3692 7090
2206 3841
2068 9294
3245 525
4349 783
5944 2244
9924 7911
6714 1264
9255 7043
6510 4957
1771 8630
6754 6865
7468 1714
3119 4017
3308 4240
3820 2151
3795 4783
5651 608
7410 5058
956 4360
8218 8512
4508 3136
