100 9 10000
4996 20
4998 40
5005 60
5001 80
5004 100
5005 120
5000 140
5000 160
4998 180
5003 200
5003 220
5004 240
4997 260
5002 280
5005 300
4997 320
4997 340
4997 360
5001 380
5003 400
4998 420
5001 440
4998 460
5003 480
5004 500
5004 520
5001 540
4997 560
5004 580
5003 600
5005 620
5004 640
4996 660
5003 680
4997 700
5005 720
5003 740
5004 760
5005 780
5004 800
4999 820
5003 840
4997 860
4998 880
5003 900
5002 920
4997 940
4997 960
4999 980
4998 1000
3136 2002
8184 4752
1700 3371
6377 1403
4986 4976
7630 8076
8241 2651
2093 2118
2921 8857
7607 5053
7607 7033
4607 3304
3092 3104
1524 9228
1118 3542
5348 6949
68 9561
5965 6728
9073 1388
3323 4200
6162 134
8886 6618
8294 5569
2356 4038
217 1445
433 2227
2752 4367
8141 277
6011 6141
6310 4245
2571 9058
2264 5582
4167 2888
2129 451
3852 6411
2744 5290
3885 1809
2452 1184
8404 7335
6211 708
3312 7065
6860 8296
7580 6044
3769 7941
1415 1624
1273 720
8660 7558
1510 4858
7799 9513
3876 5735
