100 9 10000
20 4996
40 4999
60 4998
80 4996
100 5001
120 5004
140 5002
160 5005
180 4996
200 5001
220 4997
240 5002
260 4999
280 5004
300 5005
320 5003
340 5003
360 4998
380 4998
400 5000
420 4996
440 5005
460 4999
480 5000
500 5005
520 5001
540 4998
560 5001
580 5005
600 4998
620 5000
640 4998
660 4997
680 5000
700 5003
720 4999
740 5003
760 4998
780 4996
800 5003
820 5001
840 5001
860 4999
880 4998
900 4999
920 5001
940 5005
960 5002
980 4996
1000 4997
1020 5004
1040 5005
1060 5004
1080 5003
1100 5001
1120 5000
1140 4997
1160 4999
1180 4997
1200 4997
1220 5001
7463 2952
8616 3107
6818 829
6076 164
7116 3331
2720 2473
6185 5711
763 2788
8514 7863
5746 5806
4221 3735
1369 8276
6415 7059
774 7629
8013 5282
4629 6472
3316 596
5888 4413
6702 5755
2659 893
7811 6939
6124 4216
5322 8671
15 4935
6516 5705
5067 4168
8200 3155
1491 6254
4805 1111
1551 5587
3537 7879
3065 9001
6885 9493
7636 5236
2269 4338
7506 5646
2990 5126
7247 4072
5347 4553
