100 9 10000
4996 20
5005 40
4997 60
4996 80
5004 100
4999 120
4996 140
5001 160
4997 180
5002 200
5000 220
4996 240
4996 260
5001 280
5005 300
4998 320
5004 340
5000 360
5005 380
5002 400
4997 420
5003 440
4997 460
5001 480
5002 500
4997 520
4996 540
4996 560
5005 580
5004 600
4997 620
4999 640
4998 660
4997 680
5002 700
4996 720
4997 740
5001 760
5003 780
4997 800
5002 820
5004 840
4999 860
5005 880
5002 900
5004 920
4998 940
5004 960
4999 980
5004 1000
4996 1020
5002 1040
4997 1060
5001 1080
5000 1100
4996 1120
4996 1140
4999 1160
4997 1180
5003 1200
5000 1220
5004 1240
4997 1260
5004 1280
5002 1300
5000 1320
5004 1340
5001 1360
5002 1380
4996 1400
5003 1420
5002 1440
5000 1460
5001 1480
5004 1500
4997 1520
5000 1540
5005 1560
4997 1580
5005 1600
2906 7547
832 7541
6494 7123
1438 8920
9333 8055
3891 6271
9808 6021
4721 2155
1957 8740
3249 7549
7447 7463
7807 6592
2413 7786
676 4499
4570 4408
330 2990
1723 8922
9916 9177
700 2690
3855 1785
