100 9 10000
5004 20
4996 40
5005 60
5003 80
4998 100
4999 120
4999 140
4998 160
5004 180
5002 200
5005 220
5002 240
5000 260
5004 280
4997 300
5000 320
5001 340
5004 360
5004 380
4999 400
5001 420
5000 440
5002 460
5001 480
5003 500
5000 520
5004 540
5002 560
5002 580
5000 600
5002 620
5004 640
4998 660
4996 680
4996 700
5002 720
5003 740
5004 760
4998 780
4998 800
5003 820
5005 840
4996 860
4996 880
4996 900
5002 920
5001 940
4998 960
5002 980
4997 1000
5003 1020
5004 1040
5005 1060
5003 1080
4998 1100
5003 1120
5005 1140
5004 1160
5005 1180
5002 1200
5005 1220
5005 1240
5004 1260
5005 1280
5001 1300
4998 1320
4997 1340
5005 1360
5004 1380
4996 1400
4997 1420
5003 1440
5005 1460
5000 1480
4999 1500
5001 1520
4996 1540
4996 1560
5005 1580
4998 1600
4996 1620
4999 1640
5002 1660
5000 1680
5004 1700
5005 1720
5000 1740
4997 1760
4999 1780
5005 1800
5045 2468
7081 912
2250 268
9579 9051
7931 7831
88 4785
868 1135
6235 2934
1027 8669
8905 7505
