100 9 10000
20 4998
40 5000
60 4998
80 5004
100 5001
120 5005
140 4997
160 4996
180 4996
200 4996
220 4996
240 4998
260 5004
280 5002
300 4998
320 5002
340 5005
360 4996
380 4996
400 5002
420 5001
440 5001
460 4997
480 5003
500 5003
520 5004
540 4996
560 4996
580 5003
600 4998
620 4998
640 5004
660 4996
680 5003
700 5001
720 5002
740 5003
760 5004
780 4996
800 5005
820 5005
840 5005
860 5002
880 4999
900 4999
920 5001
940 5000
960 5003
980 4997
1000 4998
1020 5000
1040 4997
1060 5004
1080 4999
1100 5000
1120 5003
1140 5003
1160 5000
1180 5003
1200 5002
1220 5001
1240 5001
1260 4998
1280 5002
1300 4997
1320 4998
1340 5001
1360 4998
1380 4996
1400 5002
1420 5002
1440 5000
1460 5004
1480 5004
1500 4998
1520 5003
1540 5001
1560 5001
1580 5002
1600 4999
1620 4998
1640 5000
1660 5001
1680 4998
1700 5002
1720 4996
1740 5003
1760 4999
1780 4997
1800 4998
1820 4997
1840 5002
1860 5002
1880 4998
1900 5001
1920 5003
1940 5004
1960 4999
1980 5001
2000 5000
