100 9 10000
20 4999
40 4999
60 5003
80 4997
100 5002
120 5004
140 5000
160 5001
180 4998
200 4998
220 4998
240 5002
260 4999
280 5003
300 4996
320 5005
340 5005
360 5005
380 4996
400 5002
420 5000
440 5000
460 5004
480 5001
500 5004
520 4997
540 5003
560 4999
580 5002
600 4996
620 4998
640 5001
660 4997
680 5000
700 5002
720 5001
740 4996
760 4999
780 4996
800 5001
820 5000
840 4999
860 4996
880 5004
900 5004
920 5000
940 5005
960 5005
980 4997
1000 5003
1020 5001
1040 5002
1060 4996
1080 5002
1100 5003
1120 4997
1140 5001
1160 4998
1180 4998
1200 5001
1220 5005
1240 4998
1260 5005
1280 5001
1300 5004
1320 5000
1340 5005
1360 5003
1380 4999
1400 5002
1420 5002
1440 4998
1460 4997
1480 5000
1500 5002
1520 5004
1540 4999
1560 5003
1580 5005
1600 5000
1620 5003
1640 4998
1660 4999
1680 5001
1700 4996
1720 5002
1740 5000
1760 4999
1780 5002
1800 5000
1820 5001
1840 5002
1860 4998
1880 5002
1900 5003
1920 4999
1940 5003
1960 5005
1980 5004
8622 417
