19266
3795
3656
8571
4826
8671
11719
13898
793
15687
8882
19230
8733
14384
10
8069
216
13744
14
26
1
9605
1533
12618
16443
1361
5971
4213
2618
13023
17
128
9957
4800
2
2
7472
10833
12755
2363
7212
49
12448
5612
1
7545
7271
15126
8584
14392
11139
91
8
3265
8956
15969
14105
6883
1672
15373
942
4014
14828
4827
2617
4902
10831
48
12775
1
3964
8818
12996
0
9940
4141
3009
15338
1
2420
4751
13908
3
10742
3
5918
235
4385
4
4891
3343
12585
9113
2091
1181
9076
11488
8408
1101
3544
6352
11911
8725
19949
3065
3238
17466
12873
1
14629
11992
11237
1
399
9112
1619
2140
3808
19697
16617
5184
15411
19553
14540
2485
282
16101
11691
1
12684
16
9892
1913
18629
10
2204
9433
16110
6282
3
23
12452
11218
22
19
8173
2
16934
901
5079
1537
2655
1610
7267
15690
4033
14540
12805
0
15970
1403
3
0
11863
6422
13369
3049
5987
2772
11974
3226
0
5031
10
227
16948
0
4373
24
1724
14050
4199
68
427
17169
267
2779
754
328
6280
3937
12542
12486
14460
10
18905
0
1
8542
0
5030
3734
10095
15801
11539
6609
11033
8096
26
3829
7838
1
16883
15788
6958
1
6571
19524
33
8483
4565
209
14153
11870
654
0
15553
12709
0
1
1
7751
1
4261
7771
9046
10521
10901
12603
4133
18519
1609
10277
0
10911
1468
13826
16277
8077
7871
1
9017
3824
8691
7
13916
11707
14147
15025
19467
9
647
4629
12195
15
9326
22
13231
8706
1173
5138
2000
18492
33
4869
16365
11523
10441
18026
12666
2438
4146
7936
7118
17983
3375
4943
5845
241
10522
6360
17028
269
8152
1
13882
14514
8803
12533
12085
11479
4
184
1875
13
14926
459
7761
15491
20237
6
19986
2984
416
5878
12126
16312
18536
873
0
0
9
7695
10829
4
4
17714
36
8516
839
11568
1295
16306
2222
4470
11862
6079
12375
19558
14585
0
7387
11
11892
3499
5554
17
5613
15763
91
5911
14172
55
3629
7053
16164
239
132
8624
10
4694
218
9296
13222
9697
4367
13775
9310
16551
8934
5587
7263
321
8086
0
14898
18
6643
9890
189
3
11257
7577
0
3032
4159
1992
0
0
723
0
11
16652
17816
68
11686
10876
11437
6132
2698
1
3406
5
1
429
13988
8024
3386
11802
1
12500
7729
764
8089
7363
9887
32
13236
7006
4710
1015
10098
1
1229
14138
5064
7280
17329
0
3985
76
1212
10182
12348
91
468
13031
15220
2502
18782
13301
198
14898
175
14402
9723
209
12021
1
7306
1106
18169
3686
5811
6696
16681
17989
9797
14
1737
11606
6552
5521
4
143
311
1
1
12049
89
9321
0
0
2924
20169
7490
2
1141
15312
12427
695
16771
19867
18522
17301
5749
17067
2406
17252
0
0
6499
2
15522
6368
917
9527
11862
1
2
7800
17834
13335
17711
311
819
15515
4220
231
0
8394
16474
8032
7896
6864
11
15715
3398
12323
15155
2433
13631
13717
19174
7365
14535
3
0
1528
1795
4269
1884
4430
2361
4298
1663
5941
8787
3237
10093
12764
2158
10642
16928
16009
132
12526
10281
4250
13646
13486
15542
13881
18501
8151
183
4993
3609
18450
0
7210
0
4050
6
18231
12873
9797
0
9675
11781
18320
17817
2835
453
20230
2032
0
8251
9691
13
3875
2170
8494
0
14680
0
12219
16018
12724
12254
2
838
8711
7131
19141
1
7209
8472
16252
3539
13477
767
7001
9609
1
11367
16825
13052
10440
8319
0
50
1
7984
0
146
3603
5
11216
3126
19261
243
7571
12472
8
24
3680
0
14815
2698
10141
6250
16
5190
5587
155
16042
0
1
10089
47
12525
15815
222
12364
18792
21641
914
5
5806
14386
13377
812
3231
7319
6
11985
13905
8567
11747
10448
15050
14429
13865
15703
8562
