742
983
1871
95
777
964
1001
574
3353
689
519
1848
102
483
566
2748
827
1286
3913
1875
2789
86
496
173
1708
233
3547
921
793
365
1237
862
744
782
4155
832
2456
3269
1835
1477
57
103
1774
1882
1164
1698
2927
2671
84
424
328
196
848
1386
2669
1552
330
735
491
149
1506
3082
619
2242
361
1489
2578
369
3752
1944
1057
463
555
3438
1093
584
537
627
979
5
1735
992
764
409
856
4539
1371
3120
1079
1298
355
976
222
955
1574
3199
599
3211
690
615
4384
3229
3644
691
4102
2571
1964
1878
225
501
577
1742
746
1715
422
598
750
1953
910
1364
3524
1256
4048
3949
1956
717
538
2219
248
916
1658
1255
843
4165
525
1482
2172
1706
418
1034
1884
131
4418
2481
4142
644
1552
1768
676
372
3634
384
3467
1416
683
15
2460
595
1401
3859
2259
358
2755
3559
484
2051
3441
3616
3530
1606
4118
623
499
1
1030
1379
650
2294
633
1031
457
1337
1916
278
4254
65
558
4214
859
3868
1828
3035
229
524
343
3769
1335
2112
1016
847
1588
475
1939
3898
1055
427
1799
958
334
248
3565
1363
1301
494
1046
1182
694
1733
1623
15
757
3927
3922
11
2966
3595
1865
770
531
1899
469
2646
2623
3154
1823
477
126
469
936
368
2212
1060
1255
3020
1269
2056
2008
2064
2441
551
976
880
306
2640
1598
3289
4504
1550
185
873
900
444
103
3586
1943
1103
3573
1216
1335
6
450
2946
244
455
1455
2714
356
432
615
414
3763
4423
340
1152
819
3483
433
1785
327
1788
757
3593
690
3271
1213
613
2046
879
1454
710
1030
651
1521
1875
307
1944
899
239
1594
1851
756
581
3179
47
1905
899
1981
466
250
1974
1410
2041
457
561
896
3389
3521
4161
115
1860
465
370
1343
235
2078
188
1026
1417
2959
612
1919
4421
4072
1986
2773
1538
4293
2391
4023
48
236
679
647
1478
3050
4069
430
4496
283
650
2903
3001
2676
2645
3940
295
183
1771
36
581
3681
409
479
3006
637
1869
3656
3618
3323
851
666
2271
105
763
2300
95
835
4001
637
1775
1376
3736
559
699
3820
2300
1531
866
443
1207
744
3814
1577
1330
3451
963
615
572
1750
3338
2628
1851
177
18
24
712
4520
2136
1235
268
776
3253
2631
1462
790
3048
720
1529
899
1583
837
2326
189
851
1
4157
1344
1138
383
1903
1235
420
3189
2160
104
253
957
2684
1826
1271
624
275
210
464
597
307
1250
939
235
1953
930
3264
743
1774
4137
832
407
207
29
2716
66
1054
856
1542
719
195
603
572
1964
136
855
4014
1222
2780
667
1656
1946
4295
123
2610
672
353
231
3904
1929
1375
3607
1873
215
826
