20 20
12 9 7 9 7 9 7 9 7 13 1 1 3 13 1 1 1 1 3 12
5 1 1 1 1 11 9 7 9 7 9 7 5 1 1 1 1 1 6 2
4 1 11 9 7 4 3 9 7 9 7 9 7 9 7 4 11 9 7 2
5 1 1 1 1 6 14 4 1 11 9 7 13 1 1 6 4 1 1 6
9 7 9 7 8 13 3 5 3 9 7 9 7 9 7 4 6 9 7 8
9 7 4 11 10 4 6 8 14 9 7 8 13 1 1 6 12 9 7 10
9 7 5 1 3 5 3 10 9 7 8 10 9 7 8 8 5 1 3 8
9 7 4 11 5 3 2 4 1 11 10 9 7 8 10 10 12 4 6 10
9 7 5 1 3 5 6 5 1 1 1 1 3 10 8 4 6 5 3 8
4 11 9 7 5 11 4 1 1 1 1 3 5 11 10 2 12 8 2 10
5 1 1 3 9 7 5 1 11 9 7 5 1 1 3 2 2 10 2 8
4 11 4 6 9 7 4 3 9 7 9 7 9 7 5 6 14 8 2 10
5 3 5 1 11 4 6 5 11 9 7 9 7 9 7 13 3 10 2 8
4 6 4 1 3 5 1 1 1 1 1 11 9 7 9 7 14 8 2 10
2 12 5 3 5 1 11 9 7 9 7 9 7 9 7 9 7 10 2 8
2 5 3 5 3 13 1 1 1 11 9 7 9 7 9 7 9 7 2 10
5 1 6 8 5 1 1 1 1 1 1 1 3 9 7 12 9 7 2 8
12 4 3 10 13 1 3 4 1 11 9 7 14 9 7 5 1 3 2 10
5 6 5 3 9 7 5 6 9 7 9 7 9 7 8 12 4 6 5 3
13 1 11 5 1 1 11 9 7 9 7 13 1 11 10 5 6 9 7 14
