100

8 14
7 30 7 69 44 50 21 25 3 12 89 76 15 56 91 25
12 13 4 53 48 94 46 83 52 99 58 24 71 60 91 78 47 78 80 98 75 43 55 54 30 31 87 96

19 11
10 31 84 86 32 14 49 33 84 78 2 53 13 42 20 25 56 4 54 19 62 88 42 82 13 69 66 24 21 52 83 40 78 83 49 68 53 62
40 98 51 37 31 94 72 65 21 52 23 28 16 28 10 86 7 11 35 75 27 73

19 11
40 63 83 43 57 42 40 88 25 97 44 44 61 8 12 16 96 82 62 36 74 64 75 72 47 81 55 11 20 27 90 72 68 12 54 73 61 25
75 47 91 38 98 19 87 52 86 11 47 35 99 49 73 21 2 27 90 73 0 9

4 18
74 42 67 2 27 29 28 28
18 2 73 19 23 16 27 60 47 9 10 26 47 99 26 36 9 2 63 68 30 61 3 97 99 4 85 22 2 27 29 13 84 20 88 3

9 19
69 68 94 63 14 79 15 94 96 92 60 76 37 11 9 90 46 92
66 8 35 84 49 68 88 17 20 86 93 29 97 87 2 62 94 91 37 16 8 61 38 85 97 20 62 27 72 6 14 61 45 38 7 2 19 46

9 18
76 91 78 78 92 25 69 33 49 38 0 6 92 10 30 90 69 89
95 45 6 41 32 61 63 3 1 91 38 82 73 86 64 67 92 4 37 8 47 61 68 38 48 99 89 12 1 31 76 58 52 48 9 34

18 2
27 73 7 38 24 65 84 33 89 40 49 77 90 26 16 48 47 58 22 65 48 88 98 23 71 76 10 50 86 33 6 47 37 13 31 65
98 62 2 15

9 11
65 3 51 35 45 82 99 98 38 68 91 99 75 37 39 15 48 37
36 26 91 6 23 73 87 74 42 74 13 90 45 86 73 79 13 97 47 19 39 12

8 12
23 82 97 38 75 14 92 97 55 11 84 84 10 31 5 72
14 4 91 18 97 59 8 16 35 10 74 56 94 26 9 37 75 69 83 58 56 50 13 76

5 8
94 50 74 74 79 99 70 40 51 70
38 67 30 60 68 26 52 56 94 62 83 61 20 21 24 66

10 12
91 37 87 6 81 38 37 13 53 12 34 59 27 5 65 72 98 9 17 85
99 51 12 11 33 82 0 32 60 9 46 95 53 4 42 86 99 86 98 31 91 5 10 32

12 19
31 27 64 3 6 48 12 63 45 19 3 97 6 97 44 16 20 52 90 98 36 62 45 42
47 35 19 88 58 9 88 24 80 89 90 52 15 38 57 2 99 12 9 61 77 5 9 54 4 49 63 52 94 40 27 8 49 93 54 47 23 7

4 13
46 55 94 91 93 61 25 51
64 44 1 86 92 93 94 62 14 96 89 57 18 8 53 16 63 67 26 7 1 39 94 27 18 47

10 2
92 63 7 37 24 8 54 8 71 68 17 48 6 37 98 6 74 76 43 51
11 90 29 69

6 10
12 23 64 67 31 24 62 56 64 38 99 38
6 18 19 22 59 23 81 25 1 9 61 56 46 96 17 24 88 75 50 66

14 11
77 14 22 65 55 39 29 39 9 6 80 35 11 28 5 92 1 92 48 58 54 62 38 46 73 72 90 27
79 24 90 24 41 56 47 65 4 49 7 28 64 65 94 88 80 75 19 51 10 81

2 8
66 64 88 34
61 40 16 79 55 41 49 6 23 49 98 49 77 79 45 5

15 5
20 91 42 25 7 40 60 52 69 3 37 26 18 9 40 51 44 34 93 96 97 93 94 16 96 47 4 24 17 41
84 50 75 38 30 26 31 34 37 90

14 9
61 27 30 87 73 2 50 74 19 66 83 99 46 14 38 31 24 50 0 7 45 8 34 28 62 75 17 17
69 52 31 86 25 83 85 61 35 98 17 87 86 6 20 52 83 84

12 3
18 7 67 87 15 15 43 53 71 29 33 60 98 92 75 64 77 75 26 12 99 12 19 43
95 37 21 91 54 30

10 7
95 24 39 56 9 62 91 34 95 32 77 25 41 45 21 52 65 19 83 47
90 16 6 54 98 37 67 27 87 52 28 8 64 82

9 12
54 25 10 88 65 49 46 87 91 6 77 67 66 56 25 61 15 8
45 31 10 13 17 64 72 98 80 45 65 88 66 77 65 19 20 28 15 30 88 66 86 6

8 7
79 4 13 40 23 94 60 10 27 33 83 77 75 99 40 16
93 40 11 58 86 10 92 31 49 53 11 32 98 87

8 12
18 77 24 5 67 41 27 36 13 94 46 62 78 40 80 86
96 23 33 91 74 82 35 77 10 76 63 98 25 60 90 55 12 95 89 14 50 80 74 16

17 20
56 20 58 9 32 88 80 54 88 18 95 6 82 75 74 57 18 98 53 99 46 8 74 18 50 35 3 76 91 76 49 34 43 99
88 7 14 27 45 20 26 2 78 93 2 61 59 4 55 20 80 64 82 1 37 6 82 84 61 40 26 26 25 10 69 21 49 65 85 83 38 46 91 64

10 14
72 94 66 36 0 27 80 99 5 35 19 17 10 88 66 80 42 36 10 91
57 12 95 59 5 94 10 33 53 49 43 35 23 25 4 61 60 76 11 85 2 66 6 82 15 64 53 72

19 4
69 63 74 24 71 17 50 31 80 81 69 56 81 75 37 92 68 86 23 97 15 31 14 77 42 21 45 29 86 47 10 13 37 8 25 84 67 60
42 27 83 48 23 11 55 65

2 18
10 24 55 26
3 25 47 21 50 97 44 44 57 89 97 6 42 47 59 22 49 10 58 1 64 33 50 33 94 20 96 5 83 4 81 3 25 86 36 80

9 8
68 32 39 34 33 65 39 33 95 93 94 89 74 5 39 11 31 76
81 85 41 79 82 64 2 22 3 59 87 90 23 80 14 55

16 9
47 48 93 12 53 43 48 39 50 79 55 39 24 33 12 88 4 65 40 95 54 7 49 43 23 93 1 72 86 89 89 74
38 86 81 82 22 92 23 29 21 72 58 31 19 45 63 70 65 24

5 7
98 72 65 32 57 21 62 18 92 43
81 52 34 31 75 62 44 8 33 50 81 65 10 91

3 14
77 25 28 79 3 12
44 26 99 20 39 53 97 14 66 31 14 30 93 52 61 41 92 37 2 46 37 73 26 64 90 50 81 3

12 2
49 36 57 64 17 0 14 96 79 14 45 80 85 46 87 90 27 98 44 31 5 81 45 33
35 83 39 87

11 17
5 6 70 59 59 62 58 88 54 26 58 90 36 51 41 43 41 23 7 20 1 37
22 12 47 99 38 58 27 86 45 48 59 84 47 15 55 71 97 57 47 10 13 55 51 35 11 7 27 44 82 18 82 81 32 4

11 9
68 70 71 93 78 13 80 30 1 77 34 36 98 98 6 34 69 11 18 57 53 32
50 98 79 35 92 32 14 11 33 6 52 82 47 4 35 30 59 27

10 11
39 93 79 13 77 45 54 1 33 47 45 7 95 84 68 76 39 87 45 82
16 25 29 49 31 63 91 16 5 90 36 6 72 44 41 15 16 49 96 95 54 2

16 20
22 49 88 6 41 62 87 86 35 9 73 68 85 67 57 16 74 90 86 93 61 46 95 27 74 77 31 44 38 28 30 69
28 60 74 18 4 21 30 13 82 40 59 55 23 19 9 16 62 98 96 47 74 23 0 92 88 0 28 84 53 26 38 10 29 33 54 65 78 85 77 37

14 12
31 36 53 68 66 40 39 15 38 62 6 65 65 90 26 94 72 94 4 32 65 63 28 85 71 72 9 58
71 48 37 53 73 2 95 90 57 91 54 34 0 47 89 12 59 65 11 16 48 83 98 68

7 13
37 26 37 76 77 98 4 8 62 14 56 77 69 57
44 65 12 75 87 44 61 53 69 98 82 73 93 69 35 80 59 46 75 72 71 48 56 4 18 75

20 12
28 26 91 73 0 72 16 55 8 88 38 29 54 30 99 72 5 47 46 34 59 64 12 21 77 82 9 20 90 95 73 13 39 18 90 64 19 39 79 58
40 79 9 18 90 94 42 9 95 95 11 88 61 54 88 75 95 38 85 97 11 38 56 58

12 11
89 99 9 93 24 21 39 49 44 34 43 81 29 38 78 90 97 40 16 39 29 85 83 63
1 66 24 46 96 10 61 98 43 37 58 70 72 67 1 49 31 68 58 96 39 60

18 20
27 36 21 20 84 56 74 56 2 37 99 98 48 50 88 12 35 43 10 98 48 7 27 64 12 31 43 85 21 51 39 95 16 0 8 61
17 52 41 82 80 20 70 93 5 80 23 10 61 40 99 85 1 61 92 26 63 66 69 87 82 36 36 9 70 50 54 44 26 39 11 96 41 58 38 34

8 2
39 13 51 57 18 90 69 52 18 62 49 32 69 88 49 84
34 5 2 19

11 7
37 28 87 22 8 78 76 77 91 4 62 15 58 42 46 80 95 27 59 17 57 44
28 80 38 6 25 15 4 40 20 87 61 41 71 59

11 8
26 47 15 80 74 88 20 73 52 72 89 15 12 63 44 46 52 40 7 34 26 29
69 11 4 46 58 30 52 27 75 47 79 78 18 42 67 5

20 9
6 19 82 19 17 18 10 78 12 22 3 18 81 90 89 72 55 38 65 47 94 59 89 92 34 25 30 7 97 1 72 59 78 3 73 7 85 96 18 36
6 50 40 21 46 87 77 29 28 1 12 43 35 74 99 1 8 70

11 14
89 5 61 48 55 67 15 86 22 40 42 85 59 80 20 35 64 5 58 97 40 45
19 70 71 28 50 19 0 31 36 25 73 89 9 49 36 28 21 76 62 10 91 15 50 21 78 63 60 67

10 19
58 53 81 31 2 81 12 83 8 3 92 0 50 82 62 53 30 38 0 83
99 92 65 43 6 49 16 95 35 19 72 80 12 93 26 5 88 14 69 90 90 96 30 62 15 92 82 93 76 97 41 83 78 27 29 58 53 85

19 7
78 88 33 28 85 42 8 11 1 73 21 78 92 44 36 52 45 59 57 71 6 73 53 98 57 84 21 82 31 62 3 77 57 9 3 88 0 42
67 12 42 53 97 89 93 34 93 86 57 38 63 2

5 8
47 16 50 62 76 21 98 82 43 79
20 56 50 99 63 72 25 18 59 5 91 75 61 52 42 36

12 5
33 5 74 44 6 32 53 76 58 82 14 52 60 54 53 86 58 10 28 16 73 35 62 87
39 64 0 23 45 33 39 91 35 78

7 15
41 93 28 64 68 52 6 42 28 28 91 11 79 38
25 19 59 4 68 88 63 50 84 20 64 9 39 75 40 51 45 50 67 33 85 73 67 87 68 43 6 47 37 59

19 15
41 62 2 89 40 61 34 18 79 76 3 98 1 18 21 95 28 98 71 40 27 66 9 90 89 95 6 68 5 26 41 37 26 47 8 95 13 18
46 42 92 92 63 49 44 94 92 84 24 73 39 16 58 3 51 0 68 48 74 57 94 74 73 67 63 73 91 81

10 16
21 38 87 20 14 84 20 84 57 59 75 44 99 48 48 85 33 50 8 69
43 60 27 54 27 16 49 42 71 71 61 77 98 44 28 0 84 12 23 0 96 93 41 50 36 95 46 42 11 69 81 6

8 10
74 9 51 40 63 23 53 74 18 24 76 51 15 98 98 13
6 39 89 94 90 48 90 77 99 88 94 53 59 80 41 6 46 33 8 45

11 5
85 61 12 38 36 14 27 28 19 35 81 33 33 60 38 23 11 75 28 89 69 5
64 87 20 11 56 10 72 29 90 75

11 14
23 55 83 2 89 50 36 54 14 22 46 69 45 4 93 57 15 73 61 63 26 79
41 33 14 34 61 65 75 5 12 27 81 50 53 95 1 22 44 89 58 15 72 90 0 55 81 65 80 15

4 7
27 58 92 87 5 42 99 54
33 80 82 11 58 14 36 35 24 59 26 32 23 35

20 4
16 75 42 71 65 48 59 88 27 45 87 51 57 32 64 86 49 90 56 47 82 7 66 44 77 7 94 44 95 52 27 84 8 63 11 69 9 25 70 70
74 36 69 57 95 31 74 85

6 8
51 30 27 15 74 69 66 4 8 68 4 61
24 35 56 12 90 87 10 65 53 60 18 36 67 22 60 65

15 17
76 92 59 13 35 3 59 33 53 1 14 67 2 58 22 38 77 10 27 12 25 39 75 80 55 43 60 95 88 15
7 70 36 16 19 67 52 71 24 78 45 6 16 38 28 99 61 90 55 5 97 88 69 80 23 72 67 24 39 35 58 8 24 98

16 20
17 96 26 70 28 41 79 24 23 44 34 7 64 37 25 89 69 61 34 94 70 44 32 1 61 61 60 90 84 38 34 77
99 1 42 60 84 27 23 73 80 60 97 10 99 44 6 74 21 21 17 40 93 43 5 49 91 7 45 17 46 75 28 79 91 46 73 22 95 28 40 97

17 18
20 89 63 58 31 78 70 36 80 1 2 63 22 85 54 94 21 67 98 0 46 50 72 90 70 72 21 20 95 10 99 80 90 67
45 14 51 74 27 15 31 31 68 29 75 53 73 22 74 97 47 71 13 73 97 71 91 83 93 18 50 39 6 44 59 92 66 4 71 62

15 12
75 54 8 13 87 50 47 81 4 13 86 46 70 18 1 83 53 13 52 47 91 55 48 11 67 2 64 66 12 38
45 9 74 87 89 53 86 13 27 37 35 42 60 65 1 57 71 14 61 6 62 75 38 52

4 14
28 5 96 71 33 92 79 93
98 7 73 69 58 84 78 0 17 45 3 39 53 18 25 74 1 14 18 39 1 40 97 25 97 81 74 45

4 10
89 5 26 36 72 62 14 36
82 51 42 32 2 37 11 47 13 27 66 64 56 31 9 19 1 54 51 58

9 7
32 42 30 81 96 11 99 3 6 10 94 81 18 0 47 97 76 81
98 60 43 43 62 54 60 4 62 15 42 12 6 2

9 8
38 36 91 32 42 89 23 97 49 89 86 93 27 96 8 62 57 25
79 4 8 20 35 92 56 71 25 30 57 62 98 61 93 47

4 18
39 88 77 59 53 89 37 15
29 80 57 98 2 87 59 88 80 10 81 46 76 36 50 59 20 85 32 1 43 66 54 21 32 82 23 83 98 37 17 13 11 79 66 26

15 18
23 77 24 95 84 57 16 52 90 34 35 36 2 22 95 78 13 8 91 28 65 88 1 41 21 35 13 12 77 39
17 28 76 53 10 93 97 60 94 78 66 87 62 82 60 21 29 9 89 25 14 73 14 55 42 15 80 87 27 55 36 9 62 96 41 12

14 13
50 90 78 18 0 17 38 92 1 13 38 19 92 91 98 4 20 59 46 92 99 52 61 25 73 35 47 24
48 14 5 71 90 51 20 35 79 42 55 10 29 32 75 46 2 74 33 25 17 74 26 31 57 69

2 5
16 30 97 52
23 64 15 54 41 65 8 87 97 20

17 4
13 27 1 80 5 16 90 86 17 75 44 69 9 74 57 0 52 25 89 6 60 28 45 57 44 53 25 53 21 94 21 29 61 34
2 74 60 19 94 93 62 77

12 12
90 23 48 13 71 95 75 89 98 83 36 20 26 95 89 61 42 47 33 10 36 4 23 36
81 96 25 69 11 95 18 81 46 1 48 66 7 17 0 23 44 6 1 88 49 70 69 90

14 5
48 2 38 88 36 71 92 19 14 13 47 3 56 32 50 45 15 5 28 10 16 15 56 24 46 69 11 5
49 15 18 63 3 49 72 56 28 91

6 4
19 94 79 55 1 76 81 81 91 68 83 61
86 7 28 91 97 32 0 39

20 4
48 18 26 9 0 20 37 6 1 9 16 56 32 80 61 17 37 65 27 53 12 21 64 65 49 41 32 61 12 49 67 87 96 60 32 46 52 49 58 69
26 53 85 74 44 10 76 47

3 15
54 55 20 16 57 19
32 69 71 90 29 44 56 90 36 25 74 41 62 41 46 84 59 40 51 32 31 55 88 79 34 35 51 43 14 6

3 2
3 46 43 98 41 32
57 51 44 77

6 18
68 7 47 17 49 79 34 50 29 32 67 23
18 15 73 18 79 32 30 1 51 82 66 25 77 92 22 76 60 73 80 92 9 80 60 80 30 10 42 46 69 12 79 9 28 39 23 53

21 10
94 54 31 57 50 60 36 60 34 72 16 48 29 14 46 26 36 89 87 77 41 31 40 9 48 20 25 20 32 72 78 31 89 26 38 61 22 39 63 27 75 56
22 79 57 56 97 21 98 46 77 85 94 91 63 17 90 42 66 89 72 22

18 15
58 61 52 38 65 32 88 67 47 93 49 62 83 56 2 47 32 33 76 79 49 78 72 40 81 39 13 91 87 53 67 13 51 97 29 19
39 69 62 69 84 38 94 11 10 67 53 97 28 94 72 29 69 77 68 97 88 2 56 81 94 27 25 75 94 46

16 16
76 33 71 29 40 60 27 18 15 3 97 32 62 43 73 22 19 83 86 41 23 7 34 94 69 69 15 11 18 15 1 82
11 94 54 24 42 4 7 33 66 9 5 56 78 28 63 78 71 49 8 1 47 46 16 43 6 16 84 83 66 24 18 37

11 13
33 72 6 56 17 92 49 24 4 22 52 79 29 67 69 76 22 37 32 68 85 38
74 39 15 21 58 92 21 34 58 19 27 7 99 16 40 45 67 0 80 44 64 72 48 9 46 85

12 10
61 79 70 38 11 35 27 85 71 69 41 0 7 30 98 68 65 59 59 91 35 85 57 39
0 51 36 57 79 47 78 90 80 40 27 0 37 92 13 6 59 9 91 54

8 8
77 41 32 92 77 37 28 20 71 86 43 29 28 8 98 75
67 58 10 78 22 95 53 47 8 36 42 12 31 99 41 17

2 8
97 73 93 39
26 78 59 17 25 21 96 87 97 23 53 64 11 7 6 28

18 18
81 15 66 58 28 64 24 7 33 90 29 74 52 78 95 7 81 63 2 20 95 29 93 99 58 1 81 56 25 64 31 97 55 6 70 98
5 83 73 46 20 90 21 3 62 24 87 16 89 43 25 89 40 36 89 70 27 50 15 70 67 52 10 98 96 23 58 32 78 54 44 32

13 10
27 65 34 49 45 67 8 75 11 70 40 1 51 53 23 19 23 66 17 91 66 33 65 13 67 24
56 96 99 64 81 95 97 26 93 67 42 94 64 54 55 6 59 56 28 6

4 12
25 51 37 42 55 43 68 54
50 75 39 76 72 49 28 72 40 21 15 73 27 82 40 31 87 34 41 99 34 67 19 18

21 15
3 8 62 67 94 23 99 65 66 85 58 23 96 94 20 50 84 11 42 47 34 25 24 82 49 27 45 58 70 20 28 57 24 73 48 91 56 71 56 99 23 74
69 14 64 19 83 89 88 49 74 25 59 22 49 50 61 9 29 46 3 31 56 10 53 80 51 4 3 61 35 7

20 7
50 4 45 38 39 33 10 34 8 65 68 70 31 10 56 29 60 60 22 60 92 68 72 75 36 43 50 27 6 24 28 24 15 8 41 26 12 54 72 3
73 20 82 40 21 4 17 91 3 81 1 39 67 95

15 8
52 55 79 40 65 10 18 60 86 80 86 11 15 50 22 10 50 88 93 5 96 71 4 62 53 99 94 57 82 20
28 84 24 35 45 7 19 41 21 64 75 57 7 60 22 90

12 1
87 25 96 76 38 83 34 53 10 91 64 80 64 93 80 92 51 40 82 25 41 71 80 55
15 69

2 12
70 38 15 42
70 9 44 11 16 8 52 78 58 79 24 16 8 74 14 56 81 11 34 96 4 75 96 15

21 9
9 7 2 77 86 24 88 72 81 30 60 56 87 85 1 70 96 63 19 61 72 62 11 53 80 7 74 15 86 76 83 81 10 48 24 37 10 96 78 64 21 43
80 90 12 60 24 81 42 8 70 95 48 66 25 81 96 28 56 99

17 5
83 92 29 42 90 7 72 91 86 20 10 45 5 66 99 22 82 81 29 41 60 53 86 77 58 85 37 35 70 14 6 69 64 5
12 88 79 54 75 36 81 18 84 37

21 20
72 84 77 94 99 1 31 89 27 38 73 89 55 64 85 95 0 14 2 1 56 64 1 33 51 83 20 34 73 88 24 32 79 98 99 53 43 78 16 82 23 70
86 41 88 79 93 23 25 88 5 47 32 33 16 6 40 84 24 88 73 66 16 0 53 52 82 15 50 48 70 51 44 73 52 56 32 33 73 97 96 9

20 9
36 29 65 62 50 29 95 89 89 75 79 63 30 94 43 62 65 80 54 13 22 9 94 58 56 6 15 68 98 52 33 9 71 35 64 98 87 73 49 11
74 28 23 28 42 4 85 18 31 59 21 39 97 5 11 15 35 5

8 0
87 34 69 43 94 10 84 85 96 33 62 85 13 22 26 37
