15
7 30 12 13 7 69 4 53 44 50 58 24 21 25 30 31 3 12 48 94 89 76 46 83 15 56 52 99 91 25

30
10 31 40 98 84 86 51 37 32 14 23 28 49 33 72 65 84 78 31 94 2 53 13 42 16 28 20 25 7 11 56 4 54 19 21 52 62 88 35 75 42 82 10 86 13 69 27 73 66 24 21 52 83 40 78 83 49 68 53 62

30
40 63 75 47 83 43 91 38 57 42 87 52 40 88 25 97 47 35 44 44 86 11 61 8 73 21 12 16 98 19 96 82 99 49 62 36 74 64 75 72 90 73 47 81 2 27 55 11 20 27 0 9 90 72 68 12 54 73 61 25

6
74 42 73 19 67 2 18 2 27 29 28 28

16
69 68 94 63 66 8 14 79 20 86 15 94 35 84 96 92 49 68 60 76 88 17 37 11 93 29 9 90 38 85 46 92

17
76 91 73 86 78 78 95 45 92 25 68 38 69 33 52 48 49 38 6 41 0 6 32 61 92 10 63 3 30 90 38 82 69 89

20
27 73 7 38 24 65 98 62 84 33 89 40 49 77 90 26 2 15 16 48 47 58 22 65 48 88 98 23 71 76 10 50 86 33 6 47 37 13 31 65

17
65 3 36 26 51 35 23 73 45 82 87 74 99 98 42 74 38 68 13 90 91 99 91 6 75 37 47 19 39 15 39 12 48 37

15
23 82 14 4 97 38 91 18 75 14 97 59 92 97 8 16 55 11 35 10 84 84 74 56 10 31 9 37 5 72

8
94 50 94 62 74 74 79 99 38 67 70 40 30 60 51 70

19
91 37 98 31 87 6 60 9 81 38 99 51 37 13 53 4 53 12 12 11 34 59 33 82 27 5 0 32 65 72 46 95 98 9 42 86 17 85

22
31 27 47 35 64 3 19 88 6 48 9 61 12 63 58 9 45 19 88 24 3 97 6 97 80 89 44 16 15 38 20 52 90 52 90 98 9 54 36 62 54 47 45 42

7
46 55 64 44 94 91 92 93 93 61 94 62 25 51

12
92 63 11 90 7 37 24 8 54 8 29 69 71 68 17 48 6 37 98 6 74 76 43 51

11
12 23 6 18 64 67 19 22 31 24 59 23 62 56 61 56 64 38 81 25 99 38

25
77 14 79 24 22 65 19 51 55 39 41 56 29 39 4 49 9 6 90 24 80 35 10 81 11 28 7 28 5 92 1 92 64 65 48 58 54 62 47 65 38 46 80 75 73 72 94 88 90 27

3
66 64 61 40 88 34

20
20 91 84 50 42 25 30 26 7 40 75 38 60 52 31 34 69 3 37 26 18 9 40 51 44 34 37 90 93 96 97 93 94 16 96 47 4 24 17 41

23
61 27 69 52 30 87 31 86 73 2 25 83 50 74 17 87 19 66 85 61 83 99 35 98 46 14 38 31 20 52 24 50 0 7 45 8 34 28 83 84 62 75 86 6 17 17

15
18 7 95 37 67 87 21 91 15 15 54 30 43 53 71 29 33 60 98 92 75 64 77 75 26 12 99 12 19 43

17
95 24 28 8 39 56 6 54 9 62 64 82 91 34 95 32 90 16 77 25 67 27 41 45 21 52 87 52 65 19 98 37 83 47

16
54 25 45 31 10 88 17 64 65 49 72 98 46 87 10 13 91 6 80 45 77 67 66 56 65 88 25 61 20 28 15 8

15
79 4 93 40 13 40 11 58 23 94 86 10 60 10 49 53 27 33 92 31 83 77 98 87 75 99 11 32 40 16

15
18 77 33 91 24 5 96 23 67 41 25 60 27 36 35 77 13 94 10 76 46 62 74 82 78 40 63 98 80 86

32
56 20 59 4 58 9 82 1 32 88 78 93 80 54 80 64 88 18 88 7 95 6 45 20 82 75 82 84 74 57 14 27 18 98 53 99 26 2 46 8 55 20 74 18 61 40 50 35 2 61 3 76 37 6 91 76 26 26 49 34 25 10 43 99

19
72 94 57 12 66 36 10 33 0 27 95 59 80 99 5 94 5 35 23 25 19 17 53 49 10 88 43 35 66 80 60 76 42 36 4 61 10 91

23
69 63 42 27 74 24 71 17 50 31 83 48 80 81 55 65 69 56 81 75 37 92 68 86 23 97 23 11 15 31 14 77 42 21 45 29 86 47 10 13 37 8 25 84 67 60

3
10 24 3 25 55 26

14
68 32 39 34 41 79 33 65 14 55 39 33 81 85 95 93 94 89 82 64 74 5 39 11 2 22 31 76

25
47 48 23 29 93 12 58 31 53 43 48 39 38 86 50 79 21 72 55 39 19 45 24 33 22 92 12 88 4 65 63 70 40 95 81 82 54 7 65 24 49 43 23 93 1 72 86 89 89 74

7
98 72 81 52 65 32 57 21 62 18 75 62 92 43

5
77 25 44 26 28 79 39 53 3 12

14
49 36 57 64 35 83 17 0 39 87 14 96 79 14 45 80 85 46 87 90 27 98 44 31 5 81 45 33

19
5 6 22 12 70 59 59 62 59 84 58 88 47 99 54 26 38 58 58 90 27 86 36 51 45 48 41 43 47 15 41 23 47 10 7 20 1 37

20
68 70 52 82 71 93 50 98 78 13 79 35 80 30 92 32 1 77 14 11 34 36 33 6 98 98 47 4 6 34 35 30 69 11 59 27 18 57 53 32

17
39 93 16 25 79 13 91 16 77 45 36 6 54 1 29 49 33 47 31 63 45 7 5 90 95 84 96 95 68 76 39 87 45 82

30
22 49 28 60 88 6 74 18 41 62 82 40 87 86 4 21 35 9 30 13 73 68 85 67 59 55 57 16 23 19 74 90 78 85 86 93 62 98 61 46 96 47 95 27 74 23 74 77 28 84 31 44 29 33 38 28 53 26 30 69

26
31 36 71 48 53 68 37 53 66 40 54 34 39 15 11 16 38 62 0 47 6 65 95 90 65 90 57 91 26 94 59 65 72 94 89 12 4 32 73 2 65 63 48 83 28 85 71 72 98 68 9 58

13
37 26 44 65 37 76 61 53 77 98 12 75 4 8 59 46 62 14 87 44 56 77 82 73 69 57

32
28 26 40 79 91 73 9 18 0 72 16 55 11 88 8 88 42 9 38 29 54 30 90 94 99 72 95 95 5 47 61 54 46 34 56 58 59 64 88 75 12 21 95 38 77 82 85 97 9 20 11 38 90 95 73 13 39 18 90 64 19 39 79 58

23
89 99 1 66 9 93 24 46 24 21 39 60 39 49 43 37 44 34 61 98 43 81 58 70 29 38 72 67 78 90 58 96 97 40 96 10 16 39 1 49 29 85 31 68 83 63

34
27 36 26 39 21 20 17 52 84 56 74 56 41 82 2 37 80 20 99 98 70 93 48 50 61 40 88 12 23 10 35 43 5 80 10 98 99 85 48 7 1 61 27 64 41 58 12 31 63 66 43 85 54 44 21 51 69 87 39 95 92 26 16 0 36 9 8 61

9
39 13 34 5 51 57 18 90 69 52 18 62 49 32 69 88 49 84

18
37 28 38 6 87 22 28 80 8 78 4 40 76 77 25 15 91 4 62 15 61 41 58 42 71 59 46 80 20 87 95 27 59 17 57 44

18
26 47 4 46 15 80 75 47 74 88 79 78 20 73 52 72 69 11 89 15 58 30 12 63 18 42 44 46 52 40 52 27 7 34 26 29

29
6 19 6 50 82 19 40 21 17 18 46 87 10 78 28 1 12 22 3 18 77 29 81 90 89 72 35 74 55 38 65 47 94 59 89 92 12 43 34 25 30 7 99 1 97 1 72 59 78 3 73 7 8 70 85 96 18 36

20
89 5 71 28 61 48 60 67 55 67 19 70 15 86 0 31 22 40 36 25 42 85 59 80 50 19 20 35 9 49 64 5 73 89 58 97 36 28 40 45

18
58 53 65 43 81 31 99 92 2 81 12 83 6 49 8 3 35 19 92 0 16 95 50 82 72 80 62 53 30 62 30 38 12 93 0 83

26
78 88 67 12 33 28 42 53 85 42 93 34 8 11 57 38 1 73 21 78 97 89 92 44 93 86 36 52 45 59 57 71 6 73 53 98 57 84 21 82 31 62 3 77 63 2 57 9 3 88 0 42

9
47 16 20 56 50 62 63 72 76 21 59 5 98 82 50 99 43 79

17
33 5 39 64 74 44 0 23 6 32 45 33 53 76 58 82 39 91 14 52 35 78 60 54 53 86 58 10 28 16 73 35 62 87

13
41 93 39 75 28 64 68 88 68 52 25 19 6 42 6 47 28 28 59 4 91 11 84 20 79 38

34
41 62 63 73 2 89 44 94 40 61 63 49 34 18 92 92 79 76 92 84 3 98 68 48 1 18 73 67 21 95 28 98 58 3 71 40 74 57 27 66 24 73 9 90 91 81 89 95 94 74 6 68 5 26 39 16 41 37 46 42 26 47 8 95 51 0 13 18

18
21 38 43 60 87 20 27 54 14 84 20 84 49 42 57 59 71 71 75 44 98 44 99 48 61 77 48 85 41 50 33 50 46 42 8 69

15
74 9 41 6 51 40 46 33 63 23 90 48 53 74 6 39 18 24 90 77 76 51 89 94 15 98 99 88 98 13

16
85 61 64 87 12 38 20 11 36 14 27 28 19 35 56 10 81 33 72 29 33 60 38 23 11 75 28 89 90 75 69 5

21
23 55 41 33 83 2 75 5 89 50 61 65 36 54 14 34 14 22 12 27 46 69 81 50 45 4 58 15 93 57 53 95 15 73 44 89 61 63 72 90 26 79

7
27 58 33 80 92 87 82 11 5 42 58 14 99 54

24
16 75 42 71 74 36 65 48 69 57 59 88 74 85 27 45 95 31 87 51 57 32 64 86 49 90 56 47 82 7 66 44 77 7 94 44 95 52 27 84 8 63 11 69 9 25 70 70

11
51 30 24 35 27 15 56 12 74 69 90 87 66 4 53 60 8 68 10 65 4 61

29
76 92 69 80 59 13 36 16 35 3 45 6 59 33 55 5 53 1 19 67 14 67 7 70 2 58 16 38 22 38 52 71 77 10 67 24 27 12 39 35 25 39 24 78 75 80 61 90 55 43 28 99 60 95 97 88 88 15

31
17 96 23 73 26 70 42 60 28 41 84 27 79 24 99 1 23 44 21 21 34 7 17 40 64 37 45 17 25 89 6 74 69 61 46 75 34 94 99 44 70 44 97 10 32 1 93 43 61 61 80 60 60 90 28 79 84 38 5 49 34 77

33
20 89 51 74 63 58 75 53 31 78 45 14 70 36 68 29 80 1 27 15 2 63 13 73 22 85 47 71 54 94 74 97 21 67 31 31 98 0 73 22 46 50 71 62 72 90 59 92 70 72 91 83 21 20 93 18 95 10 50 39 99 80 97 71 90 67

27
75 54 45 9 8 13 74 87 87 50 89 53 47 81 86 13 4 13 27 37 86 46 71 14 70 18 35 42 1 83 60 65 53 13 61 6 52 47 62 75 91 55 38 52 48 11 67 2 64 66 1 57 12 38

7
28 5 98 7 96 71 73 69 33 92 58 84 79 93

7
89 5 82 51 26 36 42 32 72 62 2 37 14 36

15
32 42 43 43 30 81 98 60 96 11 99 3 62 54 6 10 60 4 94 81 62 15 18 0 42 12 47 97 76 81

15
38 36 79 4 91 32 25 30 42 89 35 92 23 97 49 89 56 71 86 93 57 62 27 96 8 62 8 20 57 25

7
39 88 29 80 77 59 57 98 53 89 2 87 37 15

29
23 77 10 93 24 95 80 87 84 57 76 53 16 52 97 60 90 34 62 82 35 36 29 9 2 22 94 78 95 78 66 87 13 8 60 21 91 28 89 25 65 88 14 73 1 41 14 55 21 35 17 28 13 12 42 15 77 39

26
50 90 48 14 78 18 5 71 0 17 90 51 38 92 20 35 1 13 55 10 38 19 79 42 92 91 29 32 98 4 75 46 20 59 2 74 46 92 17 74 99 52 57 69 61 25 73 35 33 25 47 24

3
16 30 23 64 97 52

21
13 27 2 74 1 80 5 16 60 19 90 86 94 93 17 75 44 69 9 74 62 77 57 0 52 25 89 6 60 28 45 57 44 53 25 53 21 94 21 29 61 34

22
90 23 46 1 48 13 44 6 71 95 69 90 75 89 81 96 98 83 25 69 36 20 11 95 26 95 18 81 89 61 48 66 42 47 7 17 33 10 36 4 0 23 23 36

19
48 2 49 15 38 88 28 91 36 71 18 63 92 19 3 49 14 13 47 3 56 32 50 45 72 56 15 5 28 10 16 15 56 24 46 69 11 5

9
19 94 28 91 79 55 86 7 1 76 97 32 81 81 91 68 83 61

24
48 18 44 10 26 9 0 20 37 6 1 9 26 53 16 56 32 80 85 74 61 17 76 47 37 65 27 53 12 21 64 65 49 41 32 61 12 49 67 87 96 60 32 46 52 49 58 69

5
54 55 32 69 20 16 29 44 57 19

5
3 46 57 51 43 98 44 77 41 32

11
68 7 73 18 47 17 18 15 49 79 51 82 34 50 42 46 29 32 79 32 67 23

31
94 54 66 89 31 57 57 56 50 60 36 60 34 72 22 79 16 48 29 14 46 26 77 85 36 89 94 91 87 77 97 21 41 31 40 9 48 20 25 20 63 17 32 72 98 46 78 31 89 26 90 42 38 61 22 39 72 22 63 27 75 56

33
58 61 62 69 52 38 65 32 84 38 88 67 39 69 47 93 53 97 49 62 69 77 83 56 94 11 2 47 10 67 32 33 28 94 76 79 68 97 49 78 72 29 72 40 81 39 88 2 13 91 56 81 87 53 94 27 67 13 25 75 51 97 94 46 29 19

30
76 33 78 28 71 29 54 24 40 60 42 4 27 18 8 1 15 3 7 33 97 32 66 9 62 43 71 49 73 22 11 94 19 83 5 56 86 41 63 78 23 7 47 46 34 94 84 83 69 69 16 43 15 11 18 15 6 16 1 82

19
33 72 6 56 17 92 74 39 49 24 15 21 4 22 58 92 52 79 64 72 29 67 40 45 69 76 27 7 22 37 21 34 32 68 58 19 85 38

22
61 79 36 57 70 38 0 51 11 35 37 92 27 85 79 47 71 69 13 6 41 0 27 0 7 30 59 9 98 68 91 54 65 59 78 90 59 91 35 85 80 40 57 39

15
77 41 67 58 32 92 10 78 77 37 53 47 28 20 22 95 71 86 8 36 43 29 42 12 28 8 31 99 98 75

3
97 73 96 87 93 39

35
81 15 73 46 66 58 78 54 28 64 5 83 24 7 58 32 33 90 20 90 29 74 25 89 52 78 21 3 95 7 62 24 81 63 87 16 2 20 89 43 95 29 40 36 93 99 89 70 58 1 27 50 81 56 15 70 25 64 10 98 31 97 67 52 55 6 96 23 70 98

19
27 65 34 49 45 67 42 94 8 75 11 70 56 96 40 1 64 54 51 53 55 6 23 19 59 56 23 66 17 91 99 64 66 33 65 13 67 24

6
25 51 37 42 40 31 55 43 72 49 68 54

36
3 8 69 14 62 67 64 19 94 23 88 49 99 65 83 89 66 85 74 25 58 23 35 7 96 94 3 61 20 50 61 9 84 11 29 46 42 47 49 50 34 25 3 31 24 82 56 10 49 27 59 22 45 58 53 80 70 20 51 4 28 57 24 73 48 91 56 71 56 99 23 74

27
50 4 73 20 45 38 39 33 1 39 10 34 8 65 82 40 68 70 21 4 31 10 56 29 60 60 22 60 17 91 92 68 72 75 67 95 36 43 50 27 6 24 28 24 15 8 41 26 12 54 3 81 72 3

23
52 55 75 57 79 40 65 10 28 84 18 60 24 35 86 80 45 7 86 11 19 41 15 50 21 64 22 10 7 60 50 88 22 90 93 5 96 71 4 62 53 99 94 57 82 20

13
87 25 96 76 15 69 38 83 34 53 10 91 64 80 64 93 80 92 51 40 82 25 41 71 80 55

3
70 38 70 9 15 42

30
9 7 12 60 2 77 80 90 86 24 96 28 88 72 81 30 48 66 60 56 70 95 87 85 24 81 1 70 42 8 96 63 25 81 19 61 56 99 72 62 11 53 80 7 74 15 86 76 83 81 10 48 24 37 10 96 78 64 21 43

22
83 92 12 88 29 42 79 54 90 7 75 36 72 91 81 18 86 20 84 37 10 45 5 66 99 22 82 81 29 41 60 53 86 77 58 85 37 35 70 14 6 69 64 5

39
72 84 73 97 77 94 86 41 99 1 88 79 31 89 52 56 27 38 93 23 73 89 40 84 55 64 73 66 85 95 5 47 0 14 2 1 32 33 56 64 16 6 1 33 24 88 51 83 53 52 20 34 16 0 73 88 82 15 24 32 50 48 79 98 70 51 99 53 44 73 43 78 25 88 16 82 23 70

29
36 29 74 28 65 62 31 59 50 29 23 28 95 89 89 75 79 63 30 94 43 62 65 80 42 4 54 13 11 15 22 9 85 18 94 58 21 39 56 6 97 5 15 68 35 5 98 52 33 9 71 35 64 98 87 73 49 11

8
87 34 69 43 94 10 84 85 96 33 62 85 13 22 26 37
