15
7 30 4 53 7 69 47 78 44 50 58 24 21 25 30 31 3 12 46 83 89 76 48 94 15 56 12 13 91 25

30
10 31 51 37 84 86 27 73 32 14 23 28 49 33 21 52 84 78 10 86 2 53 13 42 16 28 20 25 7 11 56 4 54 19 72 65 62 88 35 75 42 82 31 94 13 69 40 98 66 24 21 52 83 40 78 83 49 68 53 62

30
40 63 99 49 83 43 73 21 57 42 87 52 40 88 25 97 47 35 44 44 86 11 61 8 0 9 12 16 2 27 96 82 98 19 62 36 91 38 74 64 75 72 90 73 47 81 75 47 55 11 20 27 90 72 68 12 54 73 61 25

6
74 42 73 19 67 2 18 2 27 29 28 28

16
69 68 94 63 88 17 14 79 20 86 15 94 97 87 96 92 94 91 60 76 66 8 37 11 49 68 9 90 35 84 46 92

17
76 91 73 86 78 78 64 67 92 25 89 12 69 33 68 38 49 38 6 41 0 6 95 45 92 10 63 3 30 90 32 61 69 89

20
27 73 7 38 24 65 98 62 84 33 89 40 49 77 90 26 2 15 16 48 47 58 22 65 48 88 98 23 71 76 10 50 86 33 6 47 37 13 31 65

17
65 3 39 12 51 35 23 73 45 82 45 86 99 98 42 74 38 68 87 74 91 99 91 6 75 37 47 19 39 15 36 26 48 37

15
23 82 14 4 97 38 94 26 75 14 74 56 92 97 35 10 55 11 97 59 84 84 91 18 10 31 8 16 5 72

8
94 50 94 62 74 74 79 99 30 60 70 40 38 67 51 70

19
91 37 91 5 87 6 98 31 81 38 60 9 37 13 53 4 53 12 10 32 34 59 12 11 27 5 0 32 65 72 33 82 98 9 99 51 17 85

22
31 27 77 5 64 3 90 52 6 48 9 61 12 63 57 2 45 19 88 24 3 97 6 97 80 89 44 16 15 38 20 52 58 9 90 98 19 88 36 62 47 35 45 42

7
46 55 92 93 94 91 94 62 93 61 64 44 25 51

12
92 63 11 90 7 37 24 8 54 8 29 69 71 68 17 48 6 37 98 6 74 76 43 51

11
12 23 19 22 64 67 6 18 31 24 81 25 62 56 61 56 64 38 59 23 99 38

25
77 14 79 24 22 65 10 81 55 39 41 56 29 39 19 51 9 6 80 75 80 35 90 24 11 28 7 28 5 92 1 92 4 49 48 58 54 62 64 65 38 46 47 65 73 72 94 88 90 27

3
66 64 61 40 88 34

20
20 91 37 90 42 25 31 34 7 40 84 50 60 52 30 26 69 3 75 38 37 26 18 9 40 51 44 34 93 96 97 93 94 16 96 47 4 24 17 41

23
61 27 83 84 30 87 35 98 73 2 86 6 50 74 17 87 19 66 85 61 83 99 25 83 46 14 38 31 20 52 24 50 0 7 45 8 34 28 31 86 62 75 69 52 17 17

15
18 7 21 91 67 87 95 37 15 15 54 30 43 53 71 29 33 60 98 92 75 64 77 75 26 12 99 12 19 43

17
95 24 64 82 39 56 6 54 9 62 28 8 91 34 95 32 98 37 77 25 87 52 41 45 21 52 67 27 65 19 90 16 83 47

16
54 25 66 77 10 88 72 98 65 49 80 45 46 87 10 13 91 6 65 88 77 67 66 56 17 64 25 61 45 31 15 8

15
79 4 86 10 13 40 49 53 23 94 92 31 60 10 11 32 27 33 11 58 83 77 98 87 75 99 93 40 40 16

15
18 77 10 76 24 5 25 60 67 41 74 16 27 36 35 77 13 94 33 91 46 62 74 82 78 40 96 23 80 86

32
56 20 55 20 58 9 26 2 32 88 82 84 80 54 61 40 88 18 88 7 95 6 82 1 82 75 85 83 74 57 80 64 18 98 53 99 59 4 46 8 37 6 74 18 69 21 50 35 45 20 3 76 2 61 91 76 78 93 49 34 14 27 43 99

19
72 94 43 35 66 36 53 49 0 27 5 94 80 99 60 76 5 35 23 25 19 17 10 33 10 88 4 61 66 80 95 59 42 36 57 12 10 91

23
69 63 55 65 74 24 71 17 42 27 50 31 83 48 80 81 69 56 81 75 37 92 68 86 23 97 23 11 15 31 14 77 42 21 45 29 86 47 10 13 37 8 25 84 67 60

3
10 24 3 25 55 26

14
68 32 39 34 14 55 33 65 41 79 39 33 81 85 95 93 94 89 87 90 74 5 39 11 82 64 31 76

25
47 48 63 70 93 12 65 24 53 43 48 39 19 45 50 79 58 31 55 39 23 29 24 33 22 92 12 88 21 72 4 65 38 86 40 95 81 82 54 7 49 43 23 93 1 72 86 89 89 74

7
98 72 75 62 65 32 57 21 62 18 81 52 92 43

5
77 25 99 20 28 79 44 26 3 12

14
49 36 57 64 39 87 17 0 35 83 14 96 79 14 45 80 85 46 87 90 27 98 44 31 5 81 45 33

19
5 6 59 84 70 59 59 62 55 71 58 88 47 99 54 26 27 86 58 90 38 58 36 51 45 48 41 43 47 15 41 23 22 12 7 20 1 37

20
68 70 52 82 71 93 35 30 78 13 79 35 80 30 47 4 1 77 59 27 34 36 33 6 98 98 50 98 6 34 14 11 69 11 92 32 18 57 53 32

17
39 93 91 16 79 13 72 44 77 45 36 6 54 1 31 63 33 47 29 49 45 7 16 25 95 84 96 95 68 76 39 87 45 82

30
22 49 74 23 88 6 62 98 41 62 28 84 87 86 23 19 35 9 9 16 73 68 85 67 30 13 57 16 4 21 74 90 78 85 86 93 59 55 61 46 96 47 95 27 74 18 74 77 82 40 31 44 29 33 38 28 28 60 30 69

26
31 36 48 83 53 68 37 53 66 40 54 34 39 15 11 16 38 62 0 47 6 65 95 90 65 90 59 65 26 94 57 91 72 94 89 12 4 32 73 2 65 63 71 48 28 85 71 72 98 68 9 58

13
37 26 35 80 37 76 61 53 77 98 87 44 4 8 59 46 62 14 12 75 56 77 44 65 69 57

32
28 26 95 95 91 73 95 38 0 72 16 55 11 38 8 88 11 88 38 29 54 30 42 9 99 72 85 97 5 47 61 54 46 34 56 58 59 64 88 75 12 21 90 94 77 82 9 18 9 20 40 79 90 95 73 13 39 18 90 64 19 39 79 58

23
89 99 61 98 9 93 31 68 24 21 39 60 39 49 43 37 44 34 58 96 43 81 1 49 29 38 58 70 78 90 72 67 97 40 96 10 16 39 24 46 29 85 1 66 83 63

34
27 36 38 34 21 20 23 10 84 56 74 56 70 93 2 37 99 85 99 98 69 87 48 50 36 9 88 12 92 26 35 43 61 40 10 98 80 20 48 7 82 36 27 64 26 39 12 31 63 66 43 85 1 61 21 51 5 80 39 95 41 82 16 0 17 52 8 61

9
39 13 34 5 51 57 18 90 69 52 18 62 49 32 69 88 49 84

18
37 28 38 6 87 22 4 40 8 78 20 87 76 77 25 15 91 4 62 15 61 41 58 42 71 59 46 80 28 80 95 27 59 17 57 44

18
26 47 18 42 15 80 75 47 74 88 79 78 20 73 52 72 69 11 89 15 52 27 12 63 4 46 44 46 52 40 58 30 7 34 26 29

29
6 19 6 50 82 19 99 1 17 18 8 70 10 78 28 1 12 22 3 18 12 43 81 90 89 72 35 74 55 38 65 47 77 29 94 59 89 92 46 87 34 25 40 21 30 7 97 1 72 59 78 3 73 7 85 96 18 36

20
89 5 36 28 61 48 60 67 55 67 73 89 15 86 36 25 22 40 9 49 42 85 59 80 50 19 20 35 0 31 64 5 71 28 58 97 19 70 40 45

18
58 53 78 27 81 31 65 43 2 81 12 83 16 95 8 3 26 5 92 0 99 92 50 82 72 80 62 53 35 19 30 38 6 49 0 83

26
78 88 97 89 33 28 63 2 85 42 93 86 8 11 57 38 1 73 21 78 67 12 92 44 93 34 36 52 42 53 45 59 57 71 6 73 53 98 57 84 21 82 31 62 3 77 57 9 3 88 0 42

9
47 16 20 56 50 62 59 5 76 21 63 72 98 82 50 99 43 79

17
33 5 45 33 74 44 0 23 6 32 35 78 53 76 58 82 39 91 14 52 39 64 60 54 53 86 58 10 28 16 73 35 62 87

13
41 93 39 75 28 64 68 88 68 52 59 4 6 42 6 47 28 28 25 19 91 11 84 20 79 38

34
41 62 44 94 2 89 63 73 40 61 51 0 34 18 92 92 79 76 91 81 3 98 68 48 1 18 58 3 21 95 28 98 94 74 71 40 73 67 27 66 24 73 9 90 92 84 89 95 74 57 6 68 5 26 39 16 41 37 46 42 26 47 8 95 63 49 13 18

18
21 38 28 0 87 20 27 16 14 84 20 84 61 77 57 59 71 71 75 44 98 44 99 48 49 42 48 85 27 54 33 50 43 60 8 69

15
74 9 41 6 51 40 46 33 63 23 90 77 53 74 59 80 18 24 90 48 76 51 89 94 15 98 6 39 98 13

16
85 61 64 87 12 38 20 11 36 14 27 28 19 35 72 29 81 33 90 75 33 60 38 23 56 10 11 75 28 89 69 5

21
23 55 53 95 83 2 58 15 89 50 44 89 36 54 1 22 14 22 14 34 46 69 12 27 45 4 41 33 93 57 75 5 15 73 81 50 61 63 61 65 26 79

7
27 58 58 14 92 87 82 11 5 42 33 80 99 54

24
16 75 42 71 69 57 65 48 74 85 59 88 74 36 27 45 95 31 87 51 57 32 64 86 49 90 56 47 82 7 66 44 77 7 94 44 95 52 27 84 8 63 11 69 9 25 70 70

11
51 30 18 36 27 15 90 87 74 69 56 12 66 4 24 35 8 68 10 65 4 61

29
76 92 24 78 59 13 58 8 35 3 67 24 59 33 55 5 53 1 28 99 14 67 19 67 2 58 16 38 22 38 23 72 77 10 45 6 27 12 39 35 25 39 36 16 75 80 61 90 55 43 52 71 60 95 7 70 88 15

31
17 96 40 97 26 70 5 49 28 41 99 44 79 24 99 1 23 44 21 21 34 7 45 17 64 37 6 74 25 89 23 73 69 61 28 79 34 94 17 40 70 44 80 60 32 1 97 10 61 61 46 75 60 90 84 27 84 38 42 60 34 77

33
20 89 50 39 63 58 71 62 31 78 45 14 70 36 93 18 80 1 68 29 2 63 13 73 22 85 59 92 54 94 47 71 21 67 73 22 98 0 75 53 46 50 91 83 72 90 74 97 70 72 31 31 21 20 27 15 95 10 51 74 99 80 97 71 90 67

27
75 54 27 37 8 13 71 14 87 50 62 75 47 81 1 57 4 13 86 13 86 46 61 6 70 18 89 53 1 83 35 42 53 13 38 52 52 47 60 65 91 55 74 87 48 11 45 9 67 2 64 66 12 38

7
28 5 98 7 96 71 58 84 33 92 73 69 79 93

7
89 5 2 37 26 36 42 32 72 62 82 51 14 36

15
32 42 62 54 30 81 42 12 96 11 99 3 62 15 6 10 60 4 94 81 43 43 18 0 98 60 47 97 76 81

15
38 36 56 71 91 32 25 30 42 89 35 92 23 97 49 89 57 62 86 93 98 61 27 96 8 62 79 4 57 25

7
39 88 57 98 77 59 59 88 53 89 29 80 37 15

29
23 77 14 73 24 95 76 53 84 57 89 25 16 52 80 87 90 34 97 60 35 36 42 15 2 22 66 87 95 78 10 93 13 8 60 21 91 28 62 82 65 88 94 78 1 41 14 55 21 35 29 9 13 12 17 28 77 39

26
50 90 55 10 78 18 5 71 0 17 33 25 38 92 2 74 1 13 26 31 38 19 79 42 92 91 29 32 98 4 20 35 20 59 17 74 46 92 75 46 99 52 90 51 61 25 73 35 48 14 47 24

3
16 30 23 64 97 52

21
13 27 2 74 1 80 5 16 62 77 90 86 94 93 17 75 44 69 9 74 60 19 57 0 52 25 89 6 60 28 45 57 44 53 25 53 21 94 21 29 61 34

22
90 23 44 6 48 13 18 81 71 95 69 90 75 89 81 96 98 83 11 95 36 20 25 69 26 95 48 66 89 61 49 70 42 47 7 17 33 10 36 4 46 1 23 36

19
48 2 72 56 38 88 28 91 36 71 3 49 92 19 18 63 14 13 49 15 47 3 56 32 50 45 15 5 28 10 16 15 56 24 46 69 11 5

9
19 94 97 32 79 55 86 7 1 76 28 91 81 81 91 68 83 61

24
48 18 44 10 26 9 0 20 37 6 1 9 26 53 16 56 32 80 85 74 61 17 76 47 37 65 27 53 12 21 64 65 49 41 32 61 12 49 67 87 96 60 32 46 52 49 58 69

5
54 55 32 69 20 16 29 44 57 19

5
3 46 44 77 43 98 57 51 41 32

11
68 7 66 25 47 17 73 18 49 79 51 82 34 50 42 46 29 32 18 15 67 23

31
94 54 94 91 31 57 57 56 50 60 36 60 34 72 22 79 16 48 29 14 46 26 90 42 36 89 66 89 87 77 77 85 41 31 40 9 48 20 25 20 63 17 32 72 98 46 78 31 89 26 97 21 38 61 22 39 72 22 63 27 75 56

33
58 61 62 69 52 38 65 32 94 27 88 67 69 77 47 93 25 75 49 62 94 46 83 56 88 2 2 47 10 67 32 33 68 97 76 79 56 81 49 78 53 97 72 40 84 38 81 39 94 11 13 91 28 94 87 53 72 29 67 13 39 69 51 97 29 19

30
76 33 78 28 71 29 63 78 40 60 16 43 27 18 8 1 15 3 5 56 97 32 47 46 62 43 66 24 73 22 42 4 19 83 7 33 86 41 71 49 23 7 66 9 34 94 84 83 69 69 54 24 15 11 18 15 11 94 1 82

19
33 72 6 56 17 92 27 7 49 24 21 34 4 22 15 21 52 79 64 72 29 67 58 92 69 76 58 19 22 37 40 45 32 68 74 39 85 38

22
61 79 91 54 70 38 27 0 11 35 0 51 27 85 79 47 71 69 13 6 41 0 59 9 7 30 36 57 98 68 80 40 65 59 78 90 59 91 37 92 35 85 57 39

15
77 41 8 36 32 92 53 47 77 37 42 12 28 20 22 95 71 86 10 78 43 29 41 17 28 8 67 58 98 75

3
97 73 96 87 93 39

35
81 15 58 32 66 58 78 54 28 64 21 3 24 7 89 70 33 90 20 90 29 74 25 89 52 78 96 23 95 7 44 32 81 63 40 36 2 20 27 50 95 29 67 52 93 99 87 16 58 1 62 24 81 56 89 43 25 64 15 70 31 97 73 46 55 6 5 83 70 98

19
27 65 34 49 45 67 59 56 8 75 11 70 42 94 40 1 55 6 51 53 64 54 23 19 28 6 23 66 17 91 56 96 66 33 65 13 67 24

6
25 51 37 42 40 31 55 43 72 49 68 54

36
3 8 83 89 62 67 56 10 94 23 74 25 99 65 53 80 66 85 35 7 58 23 51 4 96 94 3 61 20 50 59 22 84 11 88 49 42 47 29 46 34 25 3 31 24 82 61 9 49 27 49 50 45 58 64 19 70 20 69 14 28 57 24 73 48 91 56 71 56 99 23 74

27
50 4 73 20 45 38 39 33 1 39 10 34 8 65 3 81 68 70 67 95 31 10 21 4 56 29 82 40 60 60 22 60 17 91 92 68 72 75 36 43 50 27 6 24 28 24 15 8 41 26 12 54 72 3

23
52 55 75 57 79 40 65 10 22 90 18 60 19 41 86 80 45 7 86 11 7 60 15 50 21 64 22 10 24 35 50 88 28 84 93 5 96 71 4 62 53 99 94 57 82 20

13
87 25 96 76 15 69 38 83 34 53 10 91 64 80 64 93 80 92 51 40 82 25 41 71 80 55

3
70 38 70 9 15 42

30
9 7 25 81 2 77 70 95 86 24 96 28 88 72 80 90 81 30 48 66 60 56 56 99 87 85 42 8 1 70 24 81 96 63 12 60 19 61 72 62 11 53 80 7 74 15 86 76 83 81 10 48 24 37 10 96 78 64 21 43

22
83 92 79 54 29 42 84 37 90 7 81 18 72 91 75 36 86 20 12 88 10 45 5 66 99 22 82 81 29 41 60 53 86 77 58 85 37 35 70 14 6 69 64 5

39
72 84 73 97 77 94 50 48 99 1 16 0 31 89 70 51 27 38 82 15 73 89 52 56 55 64 44 73 85 95 40 84 0 14 2 1 16 6 56 64 24 88 1 33 5 47 51 83 53 52 20 34 93 23 73 88 86 41 24 32 32 33 79 98 73 66 99 53 88 79 43 78 25 88 16 82 23 70

29
36 29 21 39 65 62 31 59 50 29 35 5 95 89 89 75 79 63 74 28 30 94 43 62 65 80 97 5 54 13 11 15 22 9 85 18 94 58 42 4 56 6 23 28 15 68 98 52 33 9 71 35 64 98 87 73 49 11

8
87 34 69 43 94 10 84 85 96 33 62 85 13 22 26 37
