1000
-553 827 614 -94 309 498 33 699 -149 -134 -501 -392 786 -61 -87 -290 -488 -991 -527 835 -426 -609 -289 -896 -918 184 364 413 -664 -809 183 361 -77 -499 219 -995 613 -387 -900 -490 798 -970 673 -204 915 -45 -5 -530 -261 -650 434 -781 -421 688 -220 975 879 -460 -646 25 -474 481 160 776 -764 42 -628 -468 86 375 -806 122 586 -152 -8 283 759 -947 710 252 -143 244 945 362 -599 327 -437 -363 -774 -144 -561 -922 938 149 -290 930 362 -235 328 703 -863 708 -644 903 985 278 291 -971 -280 -97 727 527 212 -154 -439 -760 -591 802 -333 507 -702 844 755 -54 217 -886 -805 -196 -834 19 -575 377 29 -732 340 743 -36 -714 -356 516 158 205 748 -537 286 -32 -485 -362 363 363 -615 -176 741 593 721 -699 832 -307 -70 -26 535 727 -867 -789 882 -4 -283 -926 279 -873 311 -573 360 126 633 493 983 636 -123 403 -948 -340 -83 -932 278 285 664 513 744 168 -51 547 -77 654 18 641 193 -476 127 985 68 -951 -971 75 972 452 -667 840 434 -9 -355 930 -115 696 -719 642 142 -603 -128 692 -432 -183 790 445 -926 -179 -183 212 -319 506 127 547 -850 -639 5 878 -767 86 399 520 -952 -607 -416 173 -21 -474 -310 216 651 -418 358 823 273 -338 -483 639 870 778 -373 447 -538 791 -307 49 372 457 -895 -613 -462 204 -800 -990 967 -353 -513 678 603 591 894 715 201 894 471 -446 295 -910 40 -894 -74 -912 -164 -91 170 993 -743 819 -588 385 698 376 -161 179 -762 -530 -604 614 336 -773 -26 660 718 -685 -577 799 -791 -421 813 -427 249 136 26 -754 -851 -982 -660 -157 -795 -977 -866 -126 421 445 942 -786 -9 112 -913 693 100 -815 -187 27 929 -110 -468 48 693 -540 477 -387 123 802 -405 886 938 -524 -91 941 -920 -65 -911 192 -964 -711 -731 -557 -314 798 -372 -944 -269 176 -574 -310 -977 -596 831 -737 33 972 962 -524 711 -100 325 -147 -239 525 235 649 671 -683 -637 -186 -840 -500 674 294 592 204 -327 887 -703 -629 414 749 562 -446 -581 -75 -537 -247 -345 -932 -796 618 -475 565 990 -190 -692 -676 -769 -670 -593 114 -233 331 -972 -575 -694 -203 912 571 776 957 -244 -637 -61 -599 260 -713 -384 -793 528 -709 -713 159 -829 -6 -765 627 178 -324 73 99 -224 115 796 -682 337 -931 21 -80 444 -937 -820 733 -456 424 538 -491 704 46 512 -252 -204 748 -469 -751 -744 -591 466 137 364 194 186 222 -760 -141 -644 690 448 995 44 -849 287 -459 840 -27 -722 -818 -214 -340 710 -423 -954 -233 -256 233 -538 422 489 243 44 -261 169 469 -185 -734 -30 -542 294 -431 132 -848 -392 572 280 -228 -399 943 183 -437 -746 413 -36 483 557 758 -961 -878 -873 562 -266 107 958 -794 -898 -434 -452 -40 -756 -239 236 17 -223 -169 152 -405 387 948 -652 510 551 829 178 -480 772 -613 797 -715 -95 -694 890 -379 -365 877 187 824 52 -457 726 785 315 -813 693 803 -981 -680 -67 -854 969 -374 993 377 -681 931 -716 554 855 -770 746 -534 -410 462 980 336 -78 -246 945 881 788 667 -706 80 243 -732 41 527 -976 -439 -819 -919 -766 -810 -322 -82 4 221 715 -330 -121 -596 573 -152 140 898 368 487 -170 -206 916 205 -178 -35 626 560 -183 -582 -311 -345 -395 874 -830 460 -172 911 762 640 391 822 876 -60 -157 -872 56 -548 793 -564 577 509 -510 871 417 -399 -313 522 -661 -773 621 -798 -44 -839 -614 -680 -486 131 -385 457 222 505 314 -182 732 -224 -281 675 163 476 -576 789 -228 -212 -895 -890 683 -407 -380 -652 -284 697 -308 809 -499 784 -663 -203 857 -667 -687 -882 996 -284 -912 -676 -175 -757 -484 -775 58 -559 997 -650 806 388 790 222 -193 615 -137 -451 -402 -604 64 400 419 -396 -271 427 -764 866 -40 155 -444 -616 423 358 -351 -577 -849 53 421 280 987 246 -611 -572 -381 23 -577 878 187 -519 22 355 780 377 -666 304 349 84 401 -882 186 977 -663 552 -5 -695 -763 888 876 76 197 -817 438 -59 -866 46 100 774 -63 -614 172 196 -954 129 325 -150 331 -598 -995 -444 860 556 6 -530 -531 273 -311 598 625 -594 -197 -679 211 -91 -1 177 -614 -842 973 -457 -354 15 63 526 316 118 870 533 282 581 -868 609 264 489 -620 647 176 90 -227 990 578 -20 228 -574 490 -569 665 -457 727 702 -389 -673 -45 376 -576 -234 67 -47 106 182 -538 114 -727 866 901 761 -887 -986 -384 901 207 601 697 -994 -808 -920 -172 -256 68 -871 796 -597 881 72 587 397 -178 351 920 878 877 -821 849 916 -888 -751 932 -152 -375 457 89 584 14 -312 -71 909 34 -843 -748 -110 -930 917 391 -801 -320 815 990 -813 -977 -128 -236 -735 -691 881 968 -864 26 -597 445 -390 -650 896 -246 197 398 -802 995 604 -320 626 72 399 -115 501 27 -444 288 -284 -342 124 -20 346 558 758 -396 -758 -521 -999 -323 -555 364 -880 420 -128 295 -89 566 -915 -619 317 591 -336 -444 -962 -301 263 273 623 -405 -113 563 -305 -658 439 660 144
Q 394 901
S 922 971 618
Q 922 934
Q 813 889
U 894 920 -794
S 672 715 140
U 324 546 265
Q 734 906
U 883 908 -604
S 841 888 -494
Q 58 142
S 183 988 313
Q 596 721
Q 721 982
Q 271 670
Q 368 908
U 236 270 -43
S 717 786 387
Q 758 793
Q 269 584
Q 379 445
U 134 691 409
Q 337 529
Q 854 913
S 165 951 -562
Q 977 993
Q 564 619
S 774 892 774
S 89 518 -760
S 333 335 -702
S 245 932 34
S 551 961 -528
Q 635 910
Q 327 618
S 389 973 470
Q 445 760
S 50 775 -7
U 527 924 597
Q 596 653
S 782 841 -558
U 179 942 638
S 799 878 604
Q 769 982
Q 806 932
S 534 752 -3
Q 598 758
S 268 770 -715
S 537 862 213
Q 509 816
Q 878 944
Q 385 440
S 37 500 -352
Q 799 965
Q 890 916
Q 730 829
S 328 716 -922
S 659 864 539
S 695 792 615
Q 547 596
U 381 722 526
U 285 294 -622
Q 453 753
U 53 317 -531
S 473 489 -36
Q 250 776
S 886 921 747
U 490 856 -793
U 126 616 997
S 330 611 -932
Q 240 509
U 162 532 210
U 117 424 -567
S 962 969 991
U 681 851 -383
Q 64 555
S 536 767 720
U 820 849 -853
Q 682 987
S 22 798 797
U 502 870 935
Q 56 76
S 728 813 654
S 486 495 243
S 614 838 114
S 627 772 -961
U 341 445 -883
U 245 881 874
Q 416 475
S 962 997 -991
Q 109 127
Q 117 994
U 224 995 -88
U 754 838 -88
Q 148 592
U 465 913 -914
S 597 615 962
S 740 979 -713
U 491 783 94
S 344 444 -183
U 535 842 -377
Q 292 368
U 629 861 -185
S 280 855 444
Q 180 898
S 182 665 880
S 902 946 443
S 892 944 357
U 252 637 -902
Q 57 991
Q 275 996
Q 440 849
Q 565 648
S 803 986 -632
U 189 971 -408
S 901 936 343
S 39 396 -620
U 354 369 -824
U 420 648 739
U 821 930 -386
S 559 891 219
U 191 539 547
S 111 529 3
Q 446 515
U 187 725 -302
U 297 645 534
S 216 684 786
S 835 950 757
S 730 881 -274
S 475 994 -97
S 749 857 695
S 744 750 -472
S 756 886 306
Q 805 830
S 591 611 -323
U 683 804 612
U 499 690 -347
Q 640 854
U 248 626 302
Q 986 997
U 522 686 429
S 758 821 265
U 915 990 -137
S 595 845 -994
U 886 988 -882
Q 282 812
Q 763 882
U 472 758 764
Q 656 808
Q 573 728
U 690 691 357
Q 599 942
S 205 738 141
U 120 274 799
U 55 305 -696
Q 159 454
U 815 835 963
S 62 466 712
U 586 915 390
U 621 716 -370
Q 908 945
Q 234 908
U 910 928 953
U 115 406 731
S 667 761 673
S 18 413 246
Q 740 952
S 652 778 461
U 590 786 958
U 622 629 -111
S 337 522 -229
Q 647 765
Q 852 883
S 978 996 275
U 975 988 -556
Q 836 919
U 127 935 -163
S 32 652 -192
Q 804 862
S 67 731 409
S 695 980 631
U 472 930 949
U 893 939 -109
S 576 645 632
S 180 591 -336
U 666 996 51
U 941 956 -867
Q 91 290
S 638 934 769
Q 65 700
U 934 934 162
U 968 996 589
S 599 881 349
Q 980 991
S 780 842 598
S 519 903 142
U 448 791 989
S 60 481 -950
Q 825 876
Q 848 917
Q 829 969
S 789 798 600
S 35 931 531
S 25 491 209
Q 452 500
U 934 976 -878
S 537 611 15
Q 991 998
U 994 997 -493
Q 701 823
Q 644 779
Q 361 519
S 578 692 -695
Q 508 652
S 46 610 -788
U 845 925 31
S 273 787 238
Q 129 908
U 433 666 441
Q 99 824
S 1 110 392
U 86 815 -928
Q 285 996
S 672 783 -117
S 478 745 -153
U 181 327 788
Q 67 381
U 938 978 942
U 450 603 686
Q 417 665
Q 858 881
Q 171 789
Q 960 995
S 172 651 -714
Q 65 399
S 109 352 912
U 275 736 -293
U 152 825 892
S 308 545 -559
U 326 715 138
Q 235 649
Q 230 460
U 989 989 93
S 582 903 952
U 748 757 976
Q 542 643
S 988 997 -727
Q 864 991
Q 457 908
Q 69 870
Q 843 921
Q 666 801
U 567 710 -901
S 543 572 -466
U 369 592 364
S 477 564 725
S 463 586 9
Q 785 837
S 340 730 249
Q 545 849
U 618 641 22
Q 618 993
U 41 891 548
Q 439 853
Q 217 549
Q 578 654
U 897 932 311
Q 870 985
S 876 912 -641
Q 773 915
S 600 971 592
S 869 910 -526
U 451 986 199
U 487 727 -107
Q 243 893
Q 706 924
U 979 992 738
U 225 850 -960
U 959 988 -861
S 945 962 859
U 279 406 -927
S 84 332 756
Q 105 524
Q 27 894
U 173 337 -1
S 649 653 -54
Q 165 328
S 144 946 -707
S 812 998 86
S 493 657 389
Q 505 832
Q 801 997
U 534 634 679
U 216 720 -180
S 497 936 -787
S 577 657 -208
Q 157 778
Q 216 474
Q 752 938
Q 681 693
U 306 827 -458
U 466 802 -219
Q 580 599
Q 746 828
Q 65 919
U 829 842 662
S 338 392 -172
U 396 923 -373
S 561 825 812
U 204 494 -969
S 26 964 -409
S 617 749 149
U 65 102 526
Q 218 264
S 151 312 580
Q 457 843
Q 798 972
Q 490 565
Q 714 743
Q 192 755
S 292 964 -421
Q 878 878
S 836 929 346
U 979 984 -961
Q 801 987
S 407 691 100
S 598 889 -952
U 556 851 629
S 689 989 536
Q 561 595
U 950 995 -611
Q 955 992
U 354 541 -280
S 715 915 -968
S 318 478 264
S 271 529 -890
U 6 965 713
S 15 74 -410
S 304 482 451
S 47 696 -317
S 904 992 -265
U 989 992 856
S 982 996 -26
Q 798 808
Q 364 871
S 728 939 -635
Q 553 908
S 12 76 -910
S 132 215 899
S 796 855 -518
S 245 662 -419
Q 614 995
S 689 755 -535
S 429 818 643
S 235 823 -862
U 775 943 512
U 628 977 510
S 192 242 465
Q 643 808
S 417 943 845
S 306 791 139
Q 251 626
Q 879 994
S 459 763 736
S 421 669 824
U 776 864 -359
S 314 766 -307
S 96 751 122
Q 86 556
S 606 996 -49
U 785 852 -557
U 224 432 723
Q 752 882
Q 153 542
U 502 516 212
Q 230 631
Q 925 959
U 895 956 -328
U 528 876 256
Q 903 971
U 214 498 -579
U 929 948 173
Q 528 825
U 795 977 -249
Q 589 939
S 763 878 -72
S 154 804 351
S 147 440 446
S 259 383 935
S 581 775 -695
U 219 996 372
U 474 974 -699
S 19 681 335
S 308 776 612
Q 791 833
S 666 775 -824
S 750 883 972
U 845 883 -429
Q 753 784
S 670 721 -224
Q 982 988
Q 713 766
Q 113 284
U 262 699 -28
U 745 862 372
S 532 784 566
U 751 930 -187
Q 239 997
S 165 582 932
Q 102 344
Q 73 916
S 98 594 490
S 545 939 -954
U 842 874 99
S 154 375 -733
S 468 532 505
S 97 624 -970
U 99 184 -607
S 465 571 209
S 488 552 382
Q 481 869
S 298 549 -643
Q 178 672
S 101 720 -255
S 111 967 59
S 802 918 531
S 650 695 -836
U 638 778 -436
Q 266 510
U 90 832 -476
S 788 888 -686
U 354 467 -938
S 654 672 -196
Q 211 495
Q 367 790
Q 644 880
Q 301 409
S 838 978 543
Q 806 878
Q 317 916
U 412 421 348
S 301 567 -876
U 964 984 776
Q 251 574
S 810 932 308
U 833 923 -930
Q 981 982
Q 63 408
Q 638 978
U 725 889 977
U 314 751 823
Q 127 210
S 629 926 -355
Q 75 878
U 185 812 -693
U 655 695 -77
Q 46 461
Q 563 788
S 943 999 -745
Q 248 585
S 481 576 -645
U 175 487 -94
U 596 650 -933
Q 798 824
U 878 972 472
U 256 837 836
Q 733 943
U 509 832 -734
Q 143 218
U 459 804 890
U 364 835 -987
Q 346 811
Q 652 902
Q 776 941
Q 130 735
U 80 602 800
U 515 859 -426
U 681 911 -233
S 563 798 -721
S 658 799 927
U 313 383 664
Q 260 693
U 1 974 -491
U 619 844 483
S 148 873 91
U 672 895 -104
S 672 708 -810
Q 883 992
Q 226 274
S 684 989 401
U 707 968 -382
Q 258 505
U 183 354 925
U 263 380 969
U 301 341 -102
U 900 981 275
S 691 726 3
Q 763 928
Q 769 847
Q 438 795
U 554 948 53
U 469 665 235
U 105 901 715
U 379 994 402
Q 836 942
U 57 696 -486
U 220 457 385
Q 354 700
U 759 928 267
U 938 985 -209
S 90 175 39
U 290 699 681
Q 730 973
S 859 906 677
U 114 829 -719
U 846 982 -148
Q 237 506
U 448 566 -60
U 75 883 -858
S 570 933 174
S 687 870 -850
Q 695 946
U 833 881 -740
Q 182 562
S 954 965 196
S 800 801 868
U 329 921 -346
S 781 967 238
U 80 650 685
Q 64 870
Q 725 739
S 893 898 589
S 906 942 -229
Q 184 947
S 166 862 -138
Q 550 826
Q 384 594
U 789 896 -917
U 678 960 -47
Q 707 846
S 25 313 452
U 97 826 -489
Q 180 406
U 954 959 412
U 270 732 966
U 925 972 -845
S 147 636 -933
U 127 495 -90
Q 98 527
U 243 247 78
S 44 740 -678
U 156 990 366
U 122 883 -38
U 855 941 -781
Q 248 503
U 380 429 748
Q 927 992
U 188 361 219
Q 795 859
Q 906 950
S 798 891 871
Q 601 873
S 319 896 298
S 598 946 -394
U 684 915 -268
Q 388 890
U 834 837 -903
S 143 443 -18
Q 608 816
S 574 900 433
Q 990 995
U 675 764 883
U 242 682 -666
S 880 965 697
Q 38 813
U 466 864 -144
U 759 792 -803
S 134 670 318
U 913 975 331
Q 353 854
U 195 731 -763
U 900 993 -206
Q 901 954
U 930 949 632
U 865 949 -969
S 374 904 -814
S 910 919 431
U 724 851 -194
Q 706 748
Q 242 269
S 831 853 604
Q 44 894
S 871 946 958
U 804 897 -347
Q 742 792
Q 75 405
U 795 924 797
S 831 960 225
U 619 846 -900
S 89 258 -695
Q 655 976
Q 114 478
Q 297 811
Q 217 524
U 836 856 -976
Q 116 965
S 276 907 303
Q 543 834
Q 454 457
S 91 545 -436
Q 525 695
Q 351 694
Q 986 996
Q 898 936
Q 824 988
U 370 783 -791
S 915 975 -621
U 34 174 355
U 293 447 37
Q 244 431
Q 90 608
S 415 990 464
S 86 126 -179
U 649 759 -501
S 217 745 -914
U 339 953 -227
Q 448 670
Q 638 972
U 872 993 506
U 369 514 602
Q 837 926
Q 221 515
S 255 903 638
Q 333 906
Q 982 989
Q 65 86
U 894 933 -529
Q 108 220
Q 413 722
Q 848 930
S 846 959 482
Q 942 982
U 224 843 -119
U 727 773 -310
U 801 869 39
Q 278 826
Q 76 651
U 632 756 955
U 811 857 553
U 737 969 330
S 862 994 -675
U 207 786 424
U 415 635 -782
S 578 967 550
Q 229 298
U 947 985 -65
S 636 657 -185
Q 61 776
U 272 405 -947
U 938 980 354
Q 423 896
Q 217 642
S 177 929 -709
U 453 957 156
S 304 669 -133
Q 871 978
S 117 632 -740
Q 976 995
S 397 878 -662
U 24 217 164
Q 710 815
U 67 184 -800
U 887 942 -121
U 414 988 -772
S 170 988 35
Q 709 854
U 726 786 -384
Q 797 871
U 96 501 934
U 999 999 595
Q 598 713
U 755 839 -221
S 128 858 157
S 310 821 -387
S 292 956 831
Q 495 585
U 670 852 679
U 356 679 417
Q 567 939
U 963 983 837
U 577 692 748
Q 773 808
U 658 783 413
Q 402 642
S 553 990 449
S 757 847 -400
U 661 765 654
U 348 842 460
U 146 183 -495
U 238 368 76
S 915 965 -355
Q 997 998
S 673 974 163
Q 616 897
U 677 915 458
U 116 318 299
S 458 867 353
S 354 655 -356
U 200 276 406
Q 562 650
U 199 616 -837
S 708 825 595
Q 123 828
U 315 963 933
S 224 412 -284
Q 572 689
U 638 967 -928
U 74 150 -978
S 371 847 -747
Q 136 146
U 209 677 -541
Q 418 663
S 784 903 885
S 474 494 475
U 575 923 -398
Q 530 751
S 770 804 -635
Q 782 841
S 152 703 517
U 337 609 13
Q 294 949
S 199 685 -655
S 750 819 644
Q 284 405
U 240 790 -608
U 874 990 -837
Q 888 967
Q 752 991
Q 441 575
Q 714 946
U 937 943 -808
Q 959 991
Q 987 998
S 136 292 583
Q 461 999
U 103 346 734
S 32 397 103
Q 474 960
Q 736 792
U 41 375 796
U 560 957 364
U 991 996 -524
Q 658 901
S 569 804 -506
S 393 404 849
S 732 776 248
U 827 913 -860
U 811 957 -117
Q 563 565
Q 666 775
U 950 964 237
Q 559 700
Q 484 942
U 459 558 715
S 373 773 -90
Q 732 769
S 343 466 383
Q 698 974
U 118 175 -89
Q 181 196
Q 13 516
U 522 788 736
U 314 448 263
Q 352 367
Q 509 838
S 971 974 658
S 659 723 739
U 92 875 -627
U 189 241 68
U 451 858 435
S 330 972 -643
U 616 755 116
S 300 822 -483
S 654 835 285
U 704 867 -388
S 853 922 -850
S 113 713 413
S 289 951 765
U 407 953 -974
Q 490 814
U 623 715 798
Q 812 867
S 695 975 314
Q 128 391
S 82 773 627
U 888 928 574
U 393 549 -175
S 47 628 975
S 660 749 -268
S 850 952 639
S 853 933 -185
Q 247 942
U 682 737 -163
S 461 546 -527
Q 865 955
Q 426 768
Q 502 689
U 529 957 83
Q 899 947
U 451 754 -576
Q 170 533
U 47 716 434
Q 67 236
U 743 910 -222
U 237 860 82
S 17 762 250
S 890 928 340
Q 873 939
U 428 475 -621
Q 4 622
Q 654 681
S 717 724 382
Q 538 844
Q 811 811
U 579 614 60
S 350 989 -908
U 776 884 -68
Q 846 976
Q 809 995
S 561 961 156
S 318 608 503
U 248 659 -890
S 588 834 -931
S 985 994 -396
Q 352 645
U 528 533 805
U 434 761 -399
U 293 477 20
U 35 517 848
Q 428 744
Q 382 765
S 375 782 -127
U 825 889 846
U 745 938 -728
U 553 670 -37
S 789 991 948
Q 916 973
U 261 338 450
U 226 403 131
Q 166 763
Q 148 962
S 674 828 -449
Q 859 862
Q 575 664
U 839 893 -707
S 104 343 549
U 602 901 -69
U 35 486 -200
Q 13 550
Q 393 787
U 904 961 -422
U 766 795 -738
S 898 946 -992
S 133 592 583
Q 812 891
S 663 799 772
S 669 838 99
S 761 907 -708
Q 49 854
Q 335 552
Q 641 766
Q 511 762
Q 895 976
U 552 562 36
Q 870 884
S 847 867 -658
S 155 669 -576
S 828 976 27
Q 490 923
Q 525 952
S 64 164 -508
S 446 881 -771
S 456 968 -534
S 532 565 -263
U 533 897 -372
U 44 700 95
S 901 920 -414
U 199 349 247
S 95 231 -62
U 403 914 55
U 776 938 -424
S 411 833 24
Q 185 597
U 117 198 736
S 274 495 990
U 846 924 -713
U 688 849 -339
Q 869 935
Q 885 947
Q 349 440
Q 159 178
U 115 189 -136
Q 487 852
Q 784 878
S 753 855 -237
Q 512 635
Q 24 502
U 341 551 787
Q 103 197
Q 674 715
U 852 918 488
U 592 789 516
U 536 948 -647
Q 225 281
Q 984 984
S 18 882 -941
S 116 265 -463
U 794 930 536
Q 730 983
Q 253 597
U 600 728 -934
S 164 457 -123
U 598 896 563
Q 586 766
Q 405 686
U 713 988 -428
S 356 696 782
Q 619 834
Q 718 979
Q 231 385
Q 764 968
Q 697 997
U 978 997 -880
U 946 953 -19
S 282 666 -104
Q 747 891
S 30 477 -280
S 976 994 -870
U 187 645 -6
Q 532 833
Q 915 919
Q 592 782
Q 731 937
S 880 922 986
U 335 376 -104
Q 648 705
S 848 921 -390
U 780 980 442
S 719 787 -605
Q 4 725
U 959 959 163
S 70 613 -707
U 998 998 -696
Q 52 969
S 108 884 -811
U 667 939 -924
S 988 995 276
U 310 958 392
U 631 740 -476
Q 440 617
U 24 509 364
S 183 348 591
S 965 976 -531
U 82 771 794
U 693 858 -767
Q 627 751
U 500 682 -169
U 564 986 645
Q 809 840
S 64 202 900
Q 224 970
U 954 988 -957
S 330 623 -255
Q 975 982
S 853 892 699
S 67 256 -645
S 544 753 -651
S 232 757 -221
S 876 948 -620
U 97 849 -208
S 151 832 -150
U 462 939 880
U 369 719 892
U 346 888 -86
Q 257 421
U 393 485 77
U 589 635 234
U 249 463 848
U 463 926 126
S 459 807 376
U 780 839 -683
Q 658 978
U 862 863 514
U 423 577 -600
U 359 495 613
U 905 967 755
S 70 824 -126
S 847 963 435
Q 439 577
Q 683 939
S 899 929 795
