68398 1608 1230 1718 1633
81048 1570 1187 1410 1136
60216 80 135 1882 1983
89008 1243 900 803 792
80627 1085 1764 418 1957
69309 858 628 1443 878
70779 1467 646 838 1049
77860 1574 233 971 762
99058 301 342 842 436
95494 420 1981 31 1320
84058 1461 1594 758 1578
67884 998 511 436 1978
64419 1439 152 1797 85
88635 975 1818 1660 1561
64766 277 1616 1862 971
61085 1145 682 1743 1478
67003 1858 174 940 1804
91989 1241 1306 1154 1752
80202 621 929 1191 1125
61022 128 937 453 1946
76073 1711 228 575 1679
88083 879 1290 1176 1914
73931 706 1947 1772 880
90004 817 1083 122 123
89059 216 1770 1096 1497
